   1.3763453e+02
   1.3763453e+02
   1.1770340e+02
   9.2239966e+01
   6.7168409e+01
   4.6559625e+01
   3.0474297e+01
   1.8230875e+01
   9.0060578e+00
   2.0038704e+00
  -3.4171411e+00
  -7.6664813e+00
  -1.1010984e+01
  -1.3649980e+01
  -1.5757683e+01
  -1.7464380e+01
  -1.8858835e+01
  -1.9997332e+01
  -2.0913805e+01
  -2.1650929e+01
  -2.2250545e+01
  -2.2737203e+01
  -2.3124451e+01
  -2.3420428e+01
  -2.3634160e+01
  -2.3778629e+01
  -2.3864174e+01
  -2.3895079e+01
  -2.3463998e+01
  -2.2122668e+01
  -2.0046081e+01
  -1.7386934e+01
  -1.4192927e+01
  -1.0395101e+01
  -5.9454189e+00
  -8.8046250e-01
   4.7491515e+00
   8.5027472e+00
   1.1029063e+01
   1.2932768e+01
   1.4311051e+01
   1.5168550e+01
   1.5536587e+01
   1.5098337e+01
   1.2071402e+01
   6.5597865e+00
  -4.5811359e-01
  -5.0406310e+00
  -8.0208758e+00
  -1.0525913e+01
  -1.2735335e+01
  -1.4727716e+01
  -1.6512415e+01
  -1.8100459e+01
  -1.9525210e+01
  -2.0821850e+01
  -2.2019230e+01
  -2.3138180e+01
  -2.4199292e+01
  -2.5226282e+01
  -2.6249546e+01
  -2.7293707e+01
  -2.8374003e+01
  -2.9501072e+01
  -3.0683540e+01
  -3.1934398e+01
  -3.3260907e+01
  -3.4652977e+01
  -3.6088276e+01
  -3.7548214e+01
  -3.9013208e+01
  -4.0453956e+01
  -4.1832008e+01
  -4.3093242e+01
  -4.4193961e+01
  -4.5115997e+01
  -4.5849096e+01
  -4.6364547e+01
  -4.6636448e+01
  -4.6672105e+01
  -4.1437213e+01
  -3.2371785e+01
  -2.2111201e+01
  -1.2543571e+01
  -4.4770075e+00
   2.1299545e+00
   4.9608343e+00
   6.8818667e+00
   8.3881710e+00
   9.5853133e+00
   1.0507676e+01
   1.1175706e+01
   1.1633584e+01
   1.1914939e+01
   1.2011542e+01
   1.1437330e+01
   9.7081286e+00
   6.7978834e+00
   2.5620397e+00
  -3.4873133e+00
  -9.3078017e+00
  -1.3436674e+01
  -1.7319161e+01
  -2.1150246e+01
  -2.5080905e+01
  -2.9277714e+01
  -3.3839052e+01
  -3.8828137e+01
  -4.4323734e+01
  -5.0441343e+01
  -5.7345651e+01
  -6.5276040e+01
  -7.4426897e+01
  -8.5007349e+01
  -9.7392249e+01
  -1.1212157e+02
  -1.3005173e+02
  -1.5218052e+02
  -1.7951493e+02
  -2.1288081e+02
  -2.5173033e+02
  -2.9110038e+02
  -3.1907398e+02
  -3.2379999e+02
  -1.4219335e+02
  -1.3601477e+02
  -1.2587542e+02
  -1.1060085e+02
  -8.9708432e+01
  -6.6399018e+01
  -4.6137260e+01
  -3.0370281e+01
  -1.8289519e+01
  -9.0344142e+00
  -1.9346952e+00
   3.5139427e+00
   7.7077192e+00
   1.1009417e+01
   1.3658426e+01
   1.5787619e+01
   1.7499429e+01
   1.8877755e+01
   1.9995249e+01
   2.0911008e+01
   2.1663205e+01
   2.2269519e+01
   2.2746790e+01
   2.3124719e+01
   2.3422241e+01
   2.3645732e+01
   2.3798455e+01
   2.3881537e+01
   2.3905082e+01
   2.3479725e+01
   2.2251146e+01
   2.0234652e+01
   1.7469278e+01
   1.4101188e+01
   1.0295624e+01
   5.9866882e+00
   1.0212981e+00
  -4.7487226e+00
  -8.6155935e+00
  -1.1082906e+01
  -1.2914216e+01
  -1.4251722e+01
  -1.5167449e+01
  -1.5610054e+01
  -1.5026171e+01
  -1.1595683e+01
  -6.0338545e+00
   6.6216326e-01
   5.0082551e+00
   8.0160989e+00
   1.0562446e+01
   1.2788125e+01
   1.4746601e+01
   1.6496895e+01
   1.8084133e+01
   1.9522683e+01
   2.0824976e+01
   2.2015104e+01
   2.3125789e+01
   2.4188299e+01
   2.5225742e+01
   2.6255346e+01
   2.7294407e+01
   2.8367443e+01
   2.9496697e+01
   3.0692211e+01
   3.1954137e+01
   3.3273986e+01
   3.4652919e+01
   3.6087551e+01
   3.7559810e+01
   3.9034193e+01
   4.0460343e+01
   4.1812438e+01
   4.3071133e+01
   4.4193409e+01
   4.5127026e+01
   4.5834129e+01
   4.6314449e+01
   4.6585181e+01
   4.6644673e+01
   4.1747927e+01
   3.1946444e+01
   2.1363167e+01
   1.2183198e+01
   4.5178363e+00
  -1.9911990e+00
  -4.9748388e+00
  -6.9618895e+00
  -8.4462579e+00
  -9.5970330e+00
  -1.0498881e+01
  -1.1189245e+01
  -1.1678091e+01
  -1.1957685e+01
  -1.2025343e+01
  -1.1390840e+01
  -9.8064898e+00
  -7.0641824e+00
  -2.8102995e+00
   3.4389426e+00
   9.3961554e+00
   1.3429908e+01
   1.7232354e+01
   2.1082889e+01
   2.5082495e+01
   2.9310057e+01
   3.3828165e+01
   3.8746551e+01
   4.4226726e+01
   5.0395516e+01
   5.7353631e+01
   6.5239471e+01
   7.4308191e+01
   8.4908333e+01
   9.7412351e+01
   1.1226139e+02
   1.3011550e+02
   1.5195754e+02
   1.7911603e+02
   2.1291506e+02
   2.5246227e+02
   2.9129900e+02
   3.1828215e+02
   3.2391150e+02
   1.5836767e+02
   1.5078954e+02
   1.3763453e+02
