   3.7559717e-01
   3.7559717e-01
   3.7202061e-01
   3.6831624e-01
   3.6441273e-01
   3.6021623e-01
   3.5565723e-01
   3.5089844e-01
   3.4608619e-01
   3.4106394e-01
   3.3576660e-01
   3.3015046e-01
   3.2433944e-01
   3.1844342e-01
   3.1233332e-01
   3.0595195e-01
   2.9930768e-01
   2.9252666e-01
   2.8566750e-01
   2.7859811e-01
   2.7124398e-01
   2.6366941e-01
   2.5601849e-01
   2.4833130e-01
   2.4048289e-01
   2.3235480e-01
   2.2398602e-01
   2.1558641e-01
   2.0719784e-01
   1.9864375e-01
   1.8985645e-01
   1.8084747e-01
   1.7178835e-01
   1.6273044e-01
   1.5352891e-01
   1.4420793e-01
   1.3475742e-01
   1.2524267e-01
   1.1576538e-01
   1.0620619e-01
   9.6524570e-02
   8.6672574e-02
   7.6794399e-02
   6.7021122e-02
   5.7138573e-02
   4.7175105e-02
   3.7179091e-02
   2.7199017e-02
   1.7297870e-02
   7.3669252e-03
  -2.6625740e-03
  -1.2778283e-02
  -2.2810920e-02
  -3.2681445e-02
  -4.2551099e-02
  -5.2511338e-02
  -6.2539875e-02
  -7.2497640e-02
  -8.2307265e-02
  -9.2041605e-02
  -1.0174929e-01
  -1.1149086e-01
  -1.2109960e-01
  -1.3049859e-01
  -1.3982991e-01
  -1.4913369e-01
  -1.5844136e-01
  -1.6762498e-01
  -1.7661997e-01
  -1.8552142e-01
  -1.9432095e-01
  -2.0308143e-01
  -2.1171003e-01
  -2.2003808e-01
  -2.2823394e-01
  -2.3636134e-01
  -2.4441884e-01
  -2.5235864e-01
  -2.6004494e-01
  -2.6750580e-01
  -2.7486180e-01
  -2.8217164e-01
  -2.8921861e-01
  -2.9593696e-01
  -3.0251690e-01
  -3.0897383e-01
  -3.1529122e-01
  -3.2136644e-01
  -3.2711317e-01
  -3.3270025e-01
  -3.3813302e-01
  -3.4343613e-01
  -3.4854042e-01
  -3.5326362e-01
  -3.5770446e-01
  -3.6197449e-01
  -3.6613368e-01
  -3.7003819e-01
  -3.7361090e-01
  -3.7698982e-01
  -3.8015699e-01
  -3.8314222e-01
  -3.8588967e-01
  -3.8823399e-01
  -3.9030333e-01
  -3.9219205e-01
  -3.9392034e-01
  -3.9542902e-01
  -3.9657412e-01
  -3.9746035e-01
  -3.9815118e-01
  -3.9868417e-01
  -3.9895900e-01
  -3.9882683e-01
  -3.9840688e-01
  -3.9781845e-01
  -3.9709217e-01
  -3.9607682e-01
  -3.9464838e-01
  -3.9297483e-01
  -3.9117826e-01
  -3.8918360e-01
  -3.8690215e-01
  -3.8427228e-01
  -3.8132552e-01
  -3.7824137e-01
  -3.7505997e-01
  -3.7160363e-01
  -3.6773963e-01
  -3.6362814e-01
  -3.5940760e-01
  -3.5506121e-01
  -3.5046211e-01
  -3.4548369e-01
  -3.4029652e-01
  -3.3499608e-01
  -3.2960989e-01
  -3.2397236e-01
  -3.1793302e-01
  -3.1169656e-01
  -3.0540209e-01
  -2.9899388e-01
  -2.9231635e-01
  -2.8535023e-01
  -2.7824138e-01
  -2.7099321e-01
  -2.6361485e-01
  -2.5607363e-01
  -2.4821823e-01
  -2.4021033e-01
  -2.3218181e-01
  -2.2405712e-01
  -2.1575213e-01
  -2.0719120e-01
  -1.9849520e-01
  -1.8975047e-01
  -1.8098205e-01
  -1.7207351e-01
  -1.6285781e-01
  -1.5355436e-01
  -1.4432128e-01
  -1.3509111e-01
  -1.2570150e-01
  -1.1609218e-01
  -1.0643504e-01
  -9.6790032e-02
  -8.7137608e-02
  -7.7387523e-02
  -6.7452217e-02
  -5.7454361e-02
  -4.7530667e-02
  -3.7700167e-02
  -2.7738705e-02
  -1.7646006e-02
  -7.6321179e-03
   2.3272369e-03
   1.2229196e-02
   2.2200598e-02
   3.2296137e-02
   4.2332562e-02
   5.2257791e-02
   6.2044178e-02
   7.1849529e-02
   8.1725126e-02
   9.1487236e-02
   1.0116740e-01
   1.1069257e-01
   1.2016312e-01
   1.2973417e-01
   1.3925130e-01
   1.4861349e-01
   1.5778148e-01
   1.6689604e-01
   1.7605279e-01
   1.8509479e-01
   1.9390262e-01
   2.0245355e-01
   2.1095397e-01
   2.1949422e-01
   2.2786696e-01
   2.3601627e-01
   2.4397173e-01
   2.5179789e-01
   2.5959818e-01
   2.6725822e-01
   2.7461984e-01
   2.8170672e-01
   2.8868819e-01
   2.9563245e-01
   3.0239910e-01
   3.0888049e-01
   3.1503509e-01
   3.2099469e-01
   3.2692710e-01
   3.3269715e-01
   3.3817513e-01
   3.4334227e-01
   3.4834036e-01
   3.5322857e-01
   3.5788780e-01
   3.6227586e-01
   3.6633861e-01
   3.7013955e-01
   3.7384971e-01
   3.7735936e-01
   3.8051559e-01
   3.8333547e-01
   3.8597939e-01
   3.8854586e-01
   3.9083059e-01
   3.9277104e-01
   3.9439743e-01
   3.9578512e-01
   3.9702330e-01
   3.9805017e-01
   3.9880076e-01
   3.9918487e-01
   3.9929649e-01
   3.9929431e-01
   3.9904456e-01
   3.9849761e-01
   3.9758392e-01
   3.9638076e-01
   3.9511602e-01
   3.9365115e-01
   3.9184117e-01
   3.8969213e-01
   3.8730585e-01
   3.8477037e-01
   3.8201049e-01
   3.7895387e-01
   3.7559717e-01
