   1.7104704e-01
   1.7104704e-01
   1.6871488e-01
   1.6629597e-01
   1.6343996e-01
   1.6026816e-01
   1.5718823e-01
   1.5435271e-01
   1.5139872e-01
   1.4798592e-01
   1.4432007e-01
   1.4083245e-01
   1.3756580e-01
   1.3415758e-01
   1.3031012e-01
   1.2621866e-01
   1.2222486e-01
   1.1844726e-01
   1.1461317e-01
   1.1040469e-01
   1.0594594e-01
   1.0158668e-01
   9.7496039e-02
   9.3339431e-02
   8.8787100e-02
   8.4019117e-02
   7.9427744e-02
   7.5062921e-02
   7.0615115e-02
   6.5831254e-02
   6.0835533e-02
   5.5989231e-02
   5.1426805e-02
   4.6853867e-02
   4.1915941e-02
   3.6774029e-02
   3.1786264e-02
   2.7051306e-02
   2.2297127e-02
   1.7182090e-02
   1.1846636e-02
   6.7060938e-03
   1.9585506e-03
  -2.7502008e-03
  -7.8337503e-03
  -1.3147711e-02
  -1.8268180e-02
  -2.2999478e-02
  -2.7698235e-02
  -3.2702395e-02
  -3.7881663e-02
  -4.2889667e-02
  -4.7525264e-02
  -5.2122420e-02
  -5.7023844e-02
  -6.2067532e-02
  -6.6866736e-02
  -7.1257047e-02
  -7.5629642e-02
  -8.0328365e-02
  -8.5144450e-02
  -8.9670257e-02
  -9.3838981e-02
  -9.7992196e-02
  -1.0238520e-01
  -1.0689872e-01
  -1.1112504e-01
  -1.1491063e-01
  -1.1868598e-01
  -1.2279167e-01
  -1.2695869e-01
  -1.3084022e-01
  -1.3434722e-01
  -1.3777863e-01
  -1.4146380e-01
  -1.4521237e-01
  -1.4868749e-01
  -1.5173737e-01
  -1.5465162e-01
  -1.5781080e-01
  -1.6111048e-01
  -1.6412137e-01
  -1.6668725e-01
  -1.6918605e-01
  -1.7187091e-01
  -1.7462682e-01
  -1.7705809e-01
  -1.7900983e-01
  -1.8088174e-01
  -1.8300058e-01
  -1.8521284e-01
  -1.8707694e-01
  -1.8844019e-01
  -1.8976326e-01
  -1.9135752e-01
  -1.9296948e-01
  -1.9423987e-01
  -1.9501907e-01
  -1.9569314e-01
  -1.9664942e-01
  -1.9767494e-01
  -1.9829739e-01
  -1.9846598e-01
  -1.9859729e-01
  -1.9887248e-01
  -1.9918459e-01
  -1.9917828e-01
  -1.9874338e-01
  -1.9826383e-01
  -1.9795720e-01
  -1.9771021e-01
  -1.9712734e-01
  -1.9607243e-01
  -1.9489418e-01
  -1.9392561e-01
  -1.9305834e-01
  -1.9185527e-01
  -1.9020067e-01
  -1.8845555e-01
  -1.8688236e-01
  -1.8534901e-01
  -1.8349474e-01
  -1.8121049e-01
  -1.7885513e-01
  -1.7674778e-01
  -1.7469316e-01
  -1.7228285e-01
  -1.6944351e-01
  -1.6652148e-01
  -1.6379567e-01
  -1.6115501e-01
  -1.5821325e-01
  -1.5483819e-01
  -1.5141251e-01
  -1.4824501e-01
  -1.4513615e-01
  -1.4167237e-01
  -1.3785964e-01
  -1.3404201e-01
  -1.3041756e-01
  -1.2686631e-01
  -1.2302247e-01
  -1.1874797e-01
  -1.1439467e-01
  -1.1030883e-01
  -1.0635905e-01
  -1.0215776e-01
  -9.7578223e-02
  -9.2920079e-02
  -8.8519171e-02
  -8.4240370e-02
  -7.9709632e-02
  -7.4865886e-02
  -6.9991388e-02
  -6.5366621e-02
  -6.0931968e-02
  -5.6229216e-02
  -5.1128385e-02
  -4.6073466e-02
  -4.1328864e-02
  -3.6734147e-02
  -3.1868524e-02
  -2.6613930e-02
  -2.1386913e-02
  -1.6464313e-02
  -1.1690363e-02
  -6.7548604e-03
  -1.5433536e-03
   3.6536292e-03
   8.5560557e-03
   1.3288825e-02
   1.8179251e-02
   2.3387298e-02
   2.8594309e-02
   3.3441882e-02
   3.8089965e-02
   4.2897560e-02
   4.8000780e-02
   5.3059326e-02
   5.7707192e-02
   6.2158591e-02
   6.6789826e-02
   7.1717072e-02
   7.6571882e-02
   8.1031939e-02
   8.5312980e-02
   8.9744858e-02
   9.4430579e-02
   9.9020398e-02
   1.0321282e-01
   1.0720324e-01
   1.1129346e-01
   1.1564648e-01
   1.1995206e-01
   1.2380109e-01
   1.2733764e-01
   1.3098190e-01
   1.3488089e-01
   1.3866696e-01
   1.4208165e-01
   1.4524857e-01
   1.4850854e-01
   1.5203960e-01
   1.5547515e-01
   1.5846498e-01
   1.6112339e-01
   1.6388065e-01
   1.6691732e-01
   1.6978420e-01
   1.7222472e-01
   1.7443036e-01
   1.7665983e-01
   1.7908241e-01
   1.8140862e-01
   1.8331660e-01
   1.8490920e-01
   1.8653164e-01
   1.8836075e-01
   1.9010095e-01
   1.9142750e-01
   1.9244576e-01
   1.9356639e-01
   1.9488727e-01
   1.9603614e-01
   1.9678607e-01
   1.9718538e-01
   1.9762965e-01
   1.9827319e-01
   1.9876857e-01
   1.9888256e-01
   1.9862428e-01
   1.9842033e-01
   1.9846075e-01
   1.9831372e-01
   1.9774340e-01
   1.9686842e-01
   1.9603531e-01
   1.9544596e-01
   1.9474137e-01
   1.9358874e-01
   1.9212971e-01
   1.9076776e-01
   1.8955766e-01
   1.8820522e-01
   1.8644553e-01
   1.8433836e-01
   1.8231712e-01
   1.8052771e-01
   1.7859589e-01
   1.7621483e-01
   1.7358638e-01
   1.7104704e-01
