   3.0430839e-01
   3.0430839e-01
   3.0301336e-01
   3.0235564e-01
   2.9974497e-01
   2.9871191e-01
   2.9612173e-01
   2.9447568e-01
   2.9269527e-01
   2.9089686e-01
   2.8899681e-01
   2.8705223e-01
   2.8500838e-01
   2.8286847e-01
   2.8060610e-01
   2.7836650e-01
   2.7607819e-01
   2.7373006e-01
   2.7141597e-01
   2.6904270e-01
   2.6629215e-01
   2.6291423e-01
   2.5884010e-01
   2.5412781e-01
   2.4873103e-01
   2.4263323e-01
   2.3575490e-01
   2.2819463e-01
   2.2009674e-01
   2.1134710e-01
   2.0222979e-01
   1.9248034e-01
   1.8217621e-01
   1.7148881e-01
   1.6091102e-01
   1.4943761e-01
   1.3770661e-01
   1.2475591e-01
   1.1298415e-01
   1.0116206e-01
   8.8313982e-02
   7.5023567e-02
   6.1939423e-02
   4.9047783e-02
   3.6362811e-02
   2.3508449e-02
   1.0192772e-02
  -1.8443620e-03
  -1.2468066e-02
  -2.2730091e-02
  -3.3681932e-02
  -4.5457108e-02
  -5.6159597e-02
  -6.5940651e-02
  -7.5943353e-02
  -8.5652437e-02
  -9.4204124e-02
  -1.0299650e-01
  -1.1004142e-01
  -1.1867212e-01
  -1.2778309e-01
  -1.3634937e-01
  -1.4296720e-01
  -1.4975248e-01
  -1.5655616e-01
  -1.6348476e-01
  -1.7137519e-01
  -1.7743396e-01
  -1.8467423e-01
  -1.9240917e-01
  -2.0055338e-01
  -2.0786832e-01
  -2.1535470e-01
  -2.2217396e-01
  -2.2898947e-01
  -2.3683514e-01
  -2.4434695e-01
  -2.5214347e-01
  -2.5908279e-01
  -2.6614989e-01
  -2.7304089e-01
  -2.8033810e-01
  -2.8735952e-01
  -2.9455116e-01
  -3.0214612e-01
  -3.0879622e-01
  -3.1568432e-01
  -3.2195761e-01
  -3.2842833e-01
  -3.3434780e-01
  -3.4045799e-01
  -3.4576547e-01
  -3.5132614e-01
  -3.5606095e-01
  -3.6094187e-01
  -3.6628279e-01
  -3.7055405e-01
  -3.7489352e-01
  -3.7904406e-01
  -3.8292512e-01
  -3.8693648e-01
  -3.9041506e-01
  -3.9318431e-01
  -3.9508891e-01
  -3.9630211e-01
  -3.9681145e-01
  -3.9741052e-01
  -3.9739872e-01
  -3.9733433e-01
  -3.9722559e-01
  -3.9707452e-01
  -3.9688367e-01
  -3.9666572e-01
  -3.9634079e-01
  -3.9599492e-01
  -3.9560174e-01
  -3.9512970e-01
  -3.9459659e-01
  -3.9401326e-01
  -3.9328819e-01
  -3.9252003e-01
  -3.9163667e-01
  -3.9068128e-01
  -3.8961678e-01
  -3.8848267e-01
  -3.8726234e-01
  -3.8595719e-01
  -3.8457954e-01
  -3.8309144e-01
  -3.8150305e-01
  -3.7985506e-01
  -3.7814629e-01
  -3.7631194e-01
  -3.7436309e-01
  -3.7233537e-01
  -3.7020746e-01
  -3.6806193e-01
  -3.6578596e-01
  -3.6344197e-01
  -3.6101691e-01
  -3.5862767e-01
  -3.5617246e-01
  -3.5319470e-01
  -3.4936399e-01
  -3.4472017e-01
  -3.3921072e-01
  -3.3289312e-01
  -3.2576780e-01
  -3.1742634e-01
  -3.0824370e-01
  -2.9861791e-01
  -2.8810616e-01
  -2.7633253e-01
  -2.6364586e-01
  -2.5091443e-01
  -2.3763201e-01
  -2.2385217e-01
  -2.0846312e-01
  -1.9279931e-01
  -1.7748866e-01
  -1.6164903e-01
  -1.4571193e-01
  -1.2938884e-01
  -1.1258051e-01
  -9.5606111e-02
  -8.0349711e-02
  -6.4427227e-02
  -4.9612242e-02
  -3.5776674e-02
  -2.2368939e-02
  -9.4946217e-03
   3.6849706e-03
   1.7112847e-02
   2.9290234e-02
   3.9499687e-02
   5.0742435e-02
   6.1320456e-02
   7.1527394e-02
   8.0638122e-02
   8.8547577e-02
   9.8012913e-02
   1.0676426e-01
   1.1506001e-01
   1.2256505e-01
   1.3108895e-01
   1.3770338e-01
   1.4450584e-01
   1.5050633e-01
   1.5699589e-01
   1.6433433e-01
   1.7107840e-01
   1.7629648e-01
   1.8145955e-01
   1.8544429e-01
   1.9065258e-01
   1.9715655e-01
   2.0213082e-01
   2.0612478e-01
   2.1173050e-01
   2.1616989e-01
   2.2202029e-01
   2.2499458e-01
   2.2849304e-01
   2.3276994e-01
   2.3735343e-01
   2.4072336e-01
   2.4446953e-01
   2.4819719e-01
   2.5218064e-01
   2.5559648e-01
   2.5922161e-01
   2.6265237e-01
   2.6671457e-01
   2.7126821e-01
   2.7564420e-01
   2.7865707e-01
   2.8104415e-01
   2.8433127e-01
   2.8881013e-01
   2.9170506e-01
   2.9575038e-01
   2.9765348e-01
   3.0094350e-01
   3.0370625e-01
   3.0618076e-01
   3.0804309e-01
   3.1026435e-01
   3.1204894e-01
   3.1335812e-01
   3.1439603e-01
   3.1502378e-01
   3.1500445e-01
   3.1492455e-01
   3.1483800e-01
   3.1468561e-01
   3.1453539e-01
   3.1432913e-01
   3.1407396e-01
   3.1379222e-01
   3.1340849e-01
   3.1297731e-01
   3.1244525e-01
   3.1196389e-01
   3.1142363e-01
   3.1083982e-01
   3.1012699e-01
   3.1023059e-01
   3.0904347e-01
   3.0882240e-01
   3.0742639e-01
   3.0629881e-01
   3.0430839e-01
