   1.7811555e-01
   1.7811555e-01
   1.7691178e-01
   1.7667707e-01
   1.7457486e-01
   1.7317645e-01
   1.7093964e-01
   1.6945830e-01
   1.6758944e-01
   1.6548962e-01
   1.6315791e-01
   1.6050446e-01
   1.5743086e-01
   1.5398777e-01
   1.5017305e-01
   1.4604294e-01
   1.4156570e-01
   1.3702008e-01
   1.3205207e-01
   1.2687618e-01
   1.2138885e-01
   1.1542088e-01
   1.0935367e-01
   1.0283908e-01
   9.6394229e-02
   8.9700479e-02
   8.3389714e-02
   7.6337308e-02
   6.9114390e-02
   6.2150497e-02
   5.4805154e-02
   4.7490137e-02
   4.0380789e-02
   3.3019159e-02
   2.5860857e-02
   1.8518721e-02
   1.1072010e-02
   3.8218343e-03
  -3.3843964e-03
  -1.0238175e-02
  -1.7527341e-02
  -2.4232098e-02
  -3.0599025e-02
  -3.6926475e-02
  -4.2864543e-02
  -4.9250640e-02
  -5.5248789e-02
  -6.1219861e-02
  -6.6389596e-02
  -7.1549851e-02
  -7.6957850e-02
  -8.2028210e-02
  -8.6971294e-02
  -9.1701847e-02
  -9.6175026e-02
  -1.0062549e-01
  -1.0471056e-01
  -1.0850512e-01
  -1.1234267e-01
  -1.1625613e-01
  -1.2016655e-01
  -1.2387664e-01
  -1.2738121e-01
  -1.3096807e-01
  -1.3427806e-01
  -1.3757794e-01
  -1.4064684e-01
  -1.4364208e-01
  -1.4634425e-01
  -1.4930128e-01
  -1.5233404e-01
  -1.5542677e-01
  -1.5821503e-01
  -1.6047543e-01
  -1.6333679e-01
  -1.6611066e-01
  -1.6844812e-01
  -1.7101345e-01
  -1.7315267e-01
  -1.7534429e-01
  -1.7760825e-01
  -1.7969742e-01
  -1.8181237e-01
  -1.8365953e-01
  -1.8539843e-01
  -1.8731959e-01
  -1.8925219e-01
  -1.9101192e-01
  -1.9268160e-01
  -1.9430135e-01
  -1.9598289e-01
  -1.9723378e-01
  -1.9834876e-01
  -1.9909391e-01
  -2.0020006e-01
  -2.0115203e-01
  -2.0182466e-01
  -2.0263614e-01
  -2.0309220e-01
  -2.0361560e-01
  -2.0384613e-01
  -2.0380991e-01
  -2.0375318e-01
  -2.0361716e-01
  -2.0345103e-01
  -2.0327680e-01
  -2.0302251e-01
  -2.0274665e-01
  -2.0243249e-01
  -2.0200595e-01
  -2.0157061e-01
  -2.0104701e-01
  -2.0051368e-01
  -1.9990397e-01
  -1.9926029e-01
  -1.9858707e-01
  -1.9779130e-01
  -1.9692161e-01
  -1.9598360e-01
  -1.9497899e-01
  -1.9396344e-01
  -1.9287545e-01
  -1.9167998e-01
  -1.9043596e-01
  -1.8919710e-01
  -1.8791207e-01
  -1.8651960e-01
  -1.8508666e-01
  -1.8358341e-01
  -1.8202852e-01
  -1.8053673e-01
  -1.7898999e-01
  -1.7714462e-01
  -1.7487807e-01
  -1.7223689e-01
  -1.6921660e-01
  -1.6583752e-01
  -1.6192500e-01
  -1.5775929e-01
  -1.5327794e-01
  -1.4852713e-01
  -1.4324492e-01
  -1.3749323e-01
  -1.3169804e-01
  -1.2560908e-01
  -1.1885354e-01
  -1.1204702e-01
  -1.0522513e-01
  -9.8066384e-02
  -9.0388293e-02
  -8.2828445e-02
  -7.4760772e-02
  -6.6517686e-02
  -5.8472881e-02
  -5.0490757e-02
  -4.2653407e-02
  -3.5042767e-02
  -2.7017650e-02
  -1.9040454e-02
  -1.1290339e-02
  -3.7079867e-03
   4.0790373e-03
   1.1329747e-02
   1.8529530e-02
   2.5442379e-02
   3.2268811e-02
   3.8496490e-02
   4.4815457e-02
   5.1270867e-02
   5.6982502e-02
   6.1992943e-02
   6.7439584e-02
   7.2250053e-02
   7.7412286e-02
   8.2214111e-02
   8.6640222e-02
   9.1311924e-02
   9.6006496e-02
   1.0022938e-01
   1.0375804e-01
   1.0776572e-01
   1.1146370e-01
   1.1492043e-01
   1.1869937e-01
   1.2198125e-01
   1.2495446e-01
   1.2765775e-01
   1.3084130e-01
   1.3352691e-01
   1.3631645e-01
   1.3945073e-01
   1.4248317e-01
   1.4513668e-01
   1.4777090e-01
   1.4973309e-01
   1.5174327e-01
   1.5418862e-01
   1.5649809e-01
   1.5868488e-01
   1.6089734e-01
   1.6320072e-01
   1.6495607e-01
   1.6697609e-01
   1.6884793e-01
   1.7084806e-01
   1.7249806e-01
   1.7437432e-01
   1.7626116e-01
   1.7778419e-01
   1.7970520e-01
   1.8113099e-01
   1.8232987e-01
   1.8382528e-01
   1.8515981e-01
   1.8664044e-01
   1.8816869e-01
   1.8960531e-01
   1.9078278e-01
   1.9158493e-01
   1.9227941e-01
   1.9287456e-01
   1.9329415e-01
   1.9381179e-01
   1.9423705e-01
   1.9467248e-01
   1.9465205e-01
   1.9457576e-01
   1.9449042e-01
   1.9438760e-01
   1.9422150e-01
   1.9398808e-01
   1.9373027e-01
   1.9342195e-01
   1.9307052e-01
   1.9270428e-01
   1.9221955e-01
   1.9169093e-01
   1.9109745e-01
   1.9050739e-01
   1.8984451e-01
   1.8908130e-01
   1.8828276e-01
   1.8749496e-01
   1.8665352e-01
   1.8578253e-01
   1.8478282e-01
   1.8386281e-01
   1.8272658e-01
   1.8392453e-01
   1.8152645e-01
   1.7941675e-01
   1.7811555e-01
