   3.1649867e-01
   3.1649867e-01
   3.1522718e-01
   3.1458135e-01
   3.1201775e-01
   3.1100307e-01
   3.0845869e-01
   3.0684124e-01
   3.0509138e-01
   3.0332338e-01
   3.0145494e-01
   2.9954210e-01
   2.9753091e-01
   2.9542438e-01
   2.9319634e-01
   2.9098969e-01
   2.8873391e-01
   2.8641792e-01
   2.8413422e-01
   2.8179073e-01
   2.7895814e-01
   2.7548509e-01
   2.7129951e-01
   2.6645958e-01
   2.6091590e-01
   2.5464938e-01
   2.4757584e-01
   2.3979374e-01
   2.3144874e-01
   2.2242033e-01
   2.1299863e-01
   2.0290774e-01
   1.9223148e-01
   1.8112847e-01
   1.7012227e-01
   1.5815088e-01
   1.4589574e-01
   1.3234015e-01
   1.1999349e-01
   1.0757286e-01
   9.4053154e-02
   8.0046836e-02
   6.6239616e-02
   5.2621372e-02
   3.9211379e-02
   2.5616067e-02
   1.1530385e-02
  -1.2011512e-03
  -1.2433302e-02
  -2.3277007e-02
  -3.4841300e-02
  -4.7263081e-02
  -5.8539347e-02
  -6.8831486e-02
  -7.9343097e-02
  -8.9531323e-02
  -9.8491480e-02
  -1.0769091e-01
  -1.1505092e-01
  -1.2405644e-01
  -1.3354824e-01
  -1.4245746e-01
  -1.4932907e-01
  -1.5636566e-01
  -1.6341213e-01
  -1.7057854e-01
  -1.7872884e-01
  -1.8497755e-01
  -1.9243607e-01
  -2.0039303e-01
  -2.0875858e-01
  -2.1626067e-01
  -2.2392804e-01
  -2.3090246e-01
  -2.3786436e-01
  -2.4586873e-01
  -2.5352181e-01
  -2.6145458e-01
  -2.6850580e-01
  -2.7567858e-01
  -2.8266458e-01
  -2.9005428e-01
  -2.9715663e-01
  -3.0442344e-01
  -3.1208962e-01
  -3.1879476e-01
  -3.2573341e-01
  -3.3204683e-01
  -3.3855355e-01
  -3.4450098e-01
  -3.5063550e-01
  -3.5596012e-01
  -3.6153524e-01
  -3.6627928e-01
  -3.7116709e-01
  -3.7651266e-01
  -3.8078515e-01
  -3.8512391e-01
  -3.8927191e-01
  -3.9314894e-01
  -3.9715460e-01
  -4.0062686e-01
  -4.0339015e-01
  -4.0529015e-01
  -4.0650020e-01
  -4.0700817e-01
  -4.0760560e-01
  -4.0759397e-01
  -4.0753058e-01
  -4.0742350e-01
  -4.0727476e-01
  -4.0708685e-01
  -4.0687226e-01
  -4.0655235e-01
  -4.0621183e-01
  -4.0582474e-01
  -4.0536003e-01
  -4.0483523e-01
  -4.0426099e-01
  -4.0354727e-01
  -4.0279115e-01
  -4.0192169e-01
  -4.0098137e-01
  -3.9993368e-01
  -3.9881753e-01
  -3.9761654e-01
  -3.9633209e-01
  -3.9497628e-01
  -3.9351174e-01
  -3.9194845e-01
  -3.9032640e-01
  -3.8864438e-01
  -3.8683857e-01
  -3.8491978e-01
  -3.8292300e-01
  -3.8082714e-01
  -3.7871343e-01
  -3.7647063e-01
  -3.7416008e-01
  -3.7176880e-01
  -3.6941194e-01
  -3.6698901e-01
  -3.6390552e-01
  -3.5995205e-01
  -3.5516927e-01
  -3.4950173e-01
  -3.4300674e-01
  -3.3568248e-01
  -3.2710637e-01
  -3.1766035e-01
  -3.0775031e-01
  -2.9691699e-01
  -2.8476778e-01
  -2.7165613e-01
  -2.5847490e-01
  -2.4469790e-01
  -2.3037693e-01
  -2.1434877e-01
  -1.9800215e-01
  -1.8198655e-01
  -1.6538411e-01
  -1.4864771e-01
  -1.3147733e-01
  -1.1377166e-01
  -9.5871814e-02
  -7.9772997e-02
  -6.2968021e-02
  -4.7335133e-02
  -3.2744116e-02
  -1.8616505e-02
  -5.0662496e-03
   8.7867591e-03
   2.2878021e-02
   3.5633150e-02
   4.6307022e-02
   5.8041535e-02
   6.9060763e-02
   7.9673116e-02
   8.9127693e-02
   9.7321421e-02
   1.0711199e-01
   1.1614729e-01
   1.2469748e-01
   1.3242007e-01
   1.4117815e-01
   1.4796296e-01
   1.5493169e-01
   1.6107081e-01
   1.6770272e-01
   1.7519295e-01
   1.8206710e-01
   1.8737924e-01
   1.9263044e-01
   1.9667948e-01
   2.0196810e-01
   2.0856642e-01
   2.1360723e-01
   2.1765125e-01
   2.2332349e-01
   2.2781146e-01
   2.3372169e-01
   2.3672363e-01
   2.4025300e-01
   2.4456540e-01
   2.4918396e-01
   2.5257738e-01
   2.5634783e-01
   2.6009763e-01
   2.6410264e-01
   2.6753508e-01
   2.7117613e-01
   2.7462027e-01
   2.7869647e-01
   2.8326338e-01
   2.8764958e-01
   2.9066782e-01
   2.9305828e-01
   2.9634910e-01
   3.0083123e-01
   3.0372674e-01
   3.0777153e-01
   3.0967350e-01
   3.1296089e-01
   3.1572041e-01
   3.1819130e-01
   3.2005041e-01
   3.2226738e-01
   3.2404812e-01
   3.2535423e-01
   3.2638957e-01
   3.2701570e-01
   3.2699672e-01
   3.2691829e-01
   3.2683333e-01
   3.2668374e-01
   3.2653629e-01
   3.2633382e-01
   3.2608334e-01
   3.2580678e-01
   3.2543012e-01
   3.2500689e-01
   3.2448463e-01
   3.2401213e-01
   3.2348183e-01
   3.2290878e-01
   3.2220908e-01
   3.2231220e-01
   3.2114694e-01
   3.2092994e-01
   3.1955959e-01
   3.1845270e-01
   3.1649868e-01
