   1.2468463e+01
   1.2468463e+01
   1.1957986e+01
   1.1859947e+01
   1.0984359e+01
   1.0416410e+01
   9.5223097e+00
   8.9579025e+00
   8.3548594e+00
   7.7741930e+00
   7.2086590e+00
   6.6349149e+00
   6.0371842e+00
   5.4320483e+00
   4.8219220e+00
   4.2169471e+00
   3.6121332e+00
   3.0427355e+00
   2.4604593e+00
   1.8913836e+00
   1.3224689e+00
   7.3697300e-01
   1.7272684e-01
  -4.0455896e-01
  -9.4980910e-01
  -1.4934494e+00
  -1.9868629e+00
  -2.5208443e+00
  -3.0501571e+00
  -3.5458244e+00
  -4.0554972e+00
  -4.5508426e+00
  -5.0228454e+00
  -5.5030583e+00
  -5.9626654e+00
  -6.4279069e+00
  -6.8944362e+00
  -7.3443843e+00
  -7.7883760e+00
  -8.2083813e+00
  -8.6534998e+00
  -9.0620752e+00
  -9.4498838e+00
  -9.8355996e+00
  -1.0198295e+01
  -1.0589484e+01
  -1.0958458e+01
  -1.1327592e+01
  -1.1649075e+01
  -1.1971847e+01
  -1.2312326e+01
  -1.2633971e+01
  -1.2949981e+01
  -1.3254883e+01
  -1.3545619e+01
  -1.3837320e+01
  -1.4107450e+01
  -1.4360516e+01
  -1.4618572e+01
  -1.4884033e+01
  -1.5151748e+01
  -1.5408195e+01
  -1.5652728e+01
  -1.5905311e+01
  -1.6140668e+01
  -1.6377475e+01
  -1.6599792e+01
  -1.6818730e+01
  -1.7018027e+01
  -1.7237930e+01
  -1.7465560e+01
  -1.7699952e+01
  -1.7913415e+01
  -1.8088082e+01
  -1.8310883e+01
  -1.8529015e+01
  -1.8714629e+01
  -1.8920044e+01
  -1.9092940e+01
  -1.9271470e+01
  -1.9457406e+01
  -1.9630462e+01
  -1.9807061e+01
  -1.9962571e+01
  -2.0110031e+01
  -2.0274073e+01
  -2.0440369e+01
  -2.0592981e+01
  -2.0738832e+01
  -2.0881302e+01
  -2.1030212e+01
  -2.1141773e+01
  -2.1241743e+01
  -2.1308873e+01
  -2.1408844e+01
  -2.1495292e+01
  -2.1556627e+01
  -2.1630840e+01
  -2.1672696e+01
  -2.1720830e+01
  -2.1742079e+01
  -2.1720991e+01
  -2.1687989e+01
  -2.1608946e+01
  -2.1512678e+01
  -2.1412064e+01
  -2.1265730e+01
  -2.1107805e+01
  -2.0928953e+01
  -2.0687639e+01
  -2.0443428e+01
  -2.0152209e+01
  -1.9858576e+01
  -1.9526306e+01
  -1.9179548e+01
  -1.8821200e+01
  -1.8402804e+01
  -1.7952051e+01
  -1.7473287e+01
  -1.6968766e+01
  -1.6467303e+01
  -1.5938956e+01
  -1.5368432e+01
  -1.4785672e+01
  -1.4216114e+01
  -1.3635930e+01
  -1.3018560e+01
  -1.2395233e+01
  -1.1753554e+01
  -1.1102376e+01
  -1.0489352e+01
  -9.8647375e+00
  -9.2037404e+00
  -8.5251961e+00
  -7.8506765e+00
  -7.1793765e+00
  -6.5156427e+00
  -5.8276004e+00
  -5.1678912e+00
  -4.5207387e+00
  -3.8898455e+00
  -3.2397953e+00
  -2.5820179e+00
  -1.9636814e+00
  -1.3524281e+00
  -7.1155395e-01
  -1.0078364e-01
   4.8181461e-01
   1.0668276e+00
   1.6689048e+00
   2.2387854e+00
   2.8258912e+00
   3.4070405e+00
   3.9579251e+00
   4.4907795e+00
   5.0031891e+00
   5.4917731e+00
   5.9991922e+00
   6.4967913e+00
   6.9749115e+00
   7.4387041e+00
   7.9119947e+00
   8.3506740e+00
   8.7851677e+00
   9.2019532e+00
   9.6137483e+00
   9.9901270e+00
   1.0373106e+01
   1.0765905e+01
   1.1115239e+01
   1.1423360e+01
   1.1760137e+01
   1.2059566e+01
   1.2382981e+01
   1.2686113e+01
   1.2967672e+01
   1.3267101e+01
   1.3570555e+01
   1.3845997e+01
   1.4078135e+01
   1.4343757e+01
   1.4591027e+01
   1.4824131e+01
   1.5081060e+01
   1.5306275e+01
   1.5512012e+01
   1.5700523e+01
   1.5924129e+01
   1.6114411e+01
   1.6313547e+01
   1.6539085e+01
   1.6759310e+01
   1.6953778e+01
   1.7148406e+01
   1.7294579e+01
   1.7445259e+01
   1.7629746e+01
   1.7805379e+01
   1.7972962e+01
   1.8143766e+01
   1.8322940e+01
   1.8460581e+01
   1.8619954e+01
   1.8768702e+01
   1.8928720e+01
   1.9061692e+01
   1.9213821e+01
   1.9367882e+01
   1.9493127e+01
   1.9652017e+01
   1.9770823e+01
   1.9871276e+01
   1.9997165e+01
   2.0110175e+01
   2.0236225e+01
   2.0367105e+01
   2.0490901e+01
   2.0592964e+01
   2.0662831e+01
   2.0723521e+01
   2.0775680e+01
   2.0812545e+01
   2.0858103e+01
   2.0895612e+01
   2.0934087e+01
   2.0922657e+01
   2.0879997e+01
   2.0832346e+01
   2.0775036e+01
   2.0682632e+01
   2.0553201e+01
   2.0410892e+01
   2.0241538e+01
   2.0049646e+01
   1.9850992e+01
   1.9589878e+01
   1.9307674e+01
   1.8993918e+01
   1.8685313e+01
   1.8342258e+01
   1.7951873e+01
   1.7548772e+01
   1.7156455e+01
   1.6742890e+01
   1.6320631e+01
   1.5842671e+01
   1.5409627e+01
   1.4882246e+01
   1.5068181e+01
   1.3966090e+01
   1.3029651e+01
   1.2468463e+01
