   1.8151851e+01
   1.8151851e+01
   1.7373551e+01
   1.6989033e+01
   1.5483393e+01
   1.4918199e+01
   1.3528598e+01
   1.2686542e+01
   1.1801248e+01
   1.0932940e+01
   1.0041248e+01
   9.1544096e+00
   8.2479369e+00
   7.3249188e+00
   6.3756485e+00
   5.4614546e+00
   4.5510110e+00
   3.6394644e+00
   2.7621119e+00
   1.8816708e+00
   1.0164516e+00
   1.7108701e-01
  -6.6832122e-01
  -1.4850070e+00
  -2.2869121e+00
  -3.0742571e+00
  -3.8543222e+00
  -4.6132090e+00
  -5.3387842e+00
  -6.0449461e+00
  -6.7118399e+00
  -7.3635119e+00
  -7.9953293e+00
  -8.6002327e+00
  -9.1554996e+00
  -9.7189290e+00
  -1.0258312e+01
  -1.0818653e+01
  -1.1298031e+01
  -1.1756231e+01
  -1.2232300e+01
  -1.2703516e+01
  -1.3148921e+01
  -1.3572486e+01
  -1.3976637e+01
  -1.4375494e+01
  -1.4779204e+01
  -1.5136807e+01
  -1.5447642e+01
  -1.5744579e+01
  -1.6058722e+01
  -1.6394045e+01
  -1.6697158e+01
  -1.6973358e+01
  -1.7255513e+01
  -1.7529507e+01
  -1.7771292e+01
  -1.8020577e+01
  -1.8221109e+01
  -1.8467747e+01
  -1.8729607e+01
  -1.8977569e+01
  -1.9170600e+01
  -1.9369807e+01
  -1.9571001e+01
  -1.9777489e+01
  -2.0014641e+01
  -2.0198627e+01
  -2.0420336e+01
  -2.0659694e+01
  -2.0914716e+01
  -2.1146794e+01
  -2.1387255e+01
  -2.1609185e+01
  -2.1833763e+01
  -2.2095623e+01
  -2.2350203e+01
  -2.2618461e+01
  -2.2861128e+01
  -2.3111958e+01
  -2.3360361e+01
  -2.3627516e+01
  -2.3888935e+01
  -2.4161163e+01
  -2.4453688e+01
  -2.4714665e+01
  -2.4989541e+01
  -2.5244342e+01
  -2.5511496e+01
  -2.5760120e+01
  -2.6020877e+01
  -2.6251191e+01
  -2.6496064e+01
  -2.6707846e+01
  -2.6929115e+01
  -2.7174650e+01
  -2.7374078e+01
  -2.7579242e+01
  -2.7778009e+01
  -2.7966187e+01
  -2.8162968e+01
  -2.8335703e+01
  -2.8474685e+01
  -2.8571090e+01
  -2.8632860e+01
  -2.8658891e+01
  -2.8689556e+01
  -2.8677864e+01
  -2.8614108e+01
  -2.8506673e+01
  -2.8357984e+01
  -2.8171130e+01
  -2.7959127e+01
  -2.7645425e+01
  -2.7315176e+01
  -2.6944116e+01
  -2.6504447e+01
  -2.6015583e+01
  -2.5489877e+01
  -2.4848574e+01
  -2.4184548e+01
  -2.3438897e+01
  -2.2653758e+01
  -2.1803319e+01
  -2.0924643e+01
  -2.0008684e+01
  -1.9060958e+01
  -1.8094260e+01
  -1.7085867e+01
  -1.6047913e+01
  -1.5010400e+01
  -1.3973769e+01
  -1.2901180e+01
  -1.1803882e+01
  -1.0705041e+01
  -9.5947275e+00
  -8.5166228e+00
  -7.4133690e+00
  -6.3173953e+00
  -5.2225246e+00
  -4.1799376e+00
  -3.1417628e+00
  -2.1563130e+00
  -1.1620389e+00
  -1.8695755e-01
   7.7400492e-01
   1.7062885e+00
   2.6103345e+00
   3.5318084e+00
   4.4182058e+00
   5.2382007e+00
   6.0385615e+00
   6.8439963e+00
   7.6249438e+00
   8.3337529e+00
   9.0099122e+00
   9.6549660e+00
   1.0320977e+01
   1.0947280e+01
   1.1517107e+01
   1.2070609e+01
   1.2595873e+01
   1.3106357e+01
   1.3607575e+01
   1.4092468e+01
   1.4512283e+01
   1.4938053e+01
   1.5324336e+01
   1.5678189e+01
   1.6016158e+01
   1.6337141e+01
   1.6663197e+01
   1.6993666e+01
   1.7292588e+01
   1.7543197e+01
   1.7819617e+01
   1.8080595e+01
   1.8333631e+01
   1.8560855e+01
   1.8759401e+01
   1.8998539e+01
   1.9221572e+01
   1.9434899e+01
   1.9629695e+01
   1.9852948e+01
   2.0028110e+01
   2.0209890e+01
   2.0371815e+01
   2.0548521e+01
   2.0750376e+01
   2.0938112e+01
   2.1085036e+01
   2.1231740e+01
   2.1346014e+01
   2.1496468e+01
   2.1686189e+01
   2.1833113e+01
   2.1952241e+01
   2.2120784e+01
   2.2255796e+01
   2.2435370e+01
   2.2527804e+01
   2.2637225e+01
   2.2772015e+01
   2.2917836e+01
   2.3026154e+01
   2.3147488e+01
   2.3269263e+01
   2.3400523e+01
   2.3514136e+01
   2.3635690e+01
   2.3751729e+01
   2.3890270e+01
   2.4047121e+01
   2.4199561e+01
   2.4305672e+01
   2.4390385e+01
   2.4507748e+01
   2.4669012e+01
   2.4774461e+01
   2.4922930e+01
   2.4993524e+01
   2.5116181e+01
   2.5220087e+01
   2.5313845e+01
   2.5384880e+01
   2.5470034e+01
   2.5538863e+01
   2.5589603e+01
   2.5629974e+01
   2.5654461e+01
   2.5639239e+01
   2.5576367e+01
   2.5508420e+01
   2.5389072e+01
   2.5271929e+01
   2.5111769e+01
   2.4914767e+01
   2.4698793e+01
   2.4406931e+01
   2.4082419e+01
   2.3686650e+01
   2.3333680e+01
   2.2942544e+01
   2.2525818e+01
   2.2024600e+01
   2.2029453e+01
   2.1209459e+01
   2.1061211e+01
   2.0130030e+01
   1.9402690e+01
   1.8151851e+01
