   1.2950643e+01
   1.2950643e+01
   1.0685694e+01
   8.4858830e+00
   7.1366779e+00
   6.0162481e+00
   5.0044039e+00
   4.0960457e+00
   3.2857535e+00
   2.5247866e+00
   1.7946173e+00
   1.0852935e+00
   4.0926207e-01
  -2.2636828e-01
  -8.4062090e-01
  -1.4410886e+00
  -2.0278461e+00
  -2.5912509e+00
  -3.1292203e+00
  -3.6543927e+00
  -4.1728964e+00
  -4.6804229e+00
  -5.1684543e+00
  -5.6364417e+00
  -6.0936170e+00
  -6.5473868e+00
  -6.9955890e+00
  -7.4276642e+00
  -7.8430242e+00
  -8.2516388e+00
  -8.6571417e+00
  -9.0592073e+00
  -9.4506938e+00
  -9.8304169e+00
  -1.0205348e+01
  -1.0575034e+01
  -1.0940438e+01
  -1.1299624e+01
  -1.1649527e+01
  -1.1995342e+01
  -1.2339079e+01
  -1.2682891e+01
  -1.3022234e+01
  -1.3353304e+01
  -1.3684040e+01
  -1.4013978e+01
  -1.4342045e+01
  -1.4667207e+01
  -1.4987985e+01
  -1.5308447e+01
  -1.5631301e+01
  -1.5956638e+01
  -1.6279512e+01
  -1.6597853e+01
  -1.6917299e+01
  -1.7241275e+01
  -1.7569556e+01
  -1.7898065e+01
  -1.8224628e+01
  -1.8551995e+01
  -1.8882172e+01
  -1.9217641e+01
  -1.9553066e+01
  -1.9885961e+01
  -2.0221520e+01
  -2.0561504e+01
  -2.0907443e+01
  -2.1254927e+01
  -2.1601632e+01
  -2.1951293e+01
  -2.2303770e+01
  -2.2661793e+01
  -2.3021801e+01
  -2.3376671e+01
  -2.3733314e+01
  -2.4094574e+01
  -2.4460569e+01
  -2.4829255e+01
  -2.5194205e+01
  -2.5556351e+01
  -2.5921307e+01
  -2.6292050e+01
  -2.6657535e+01
  -2.7013708e+01
  -2.7370053e+01
  -2.7727236e+01
  -2.8084175e+01
  -2.8434731e+01
  -2.8773214e+01
  -2.9108842e+01
  -2.9441600e+01
  -2.9772691e+01
  -3.0097454e+01
  -3.0403558e+01
  -3.0696369e+01
  -3.0982566e+01
  -3.1265805e+01
  -3.1535894e+01
  -3.1786722e+01
  -3.2027212e+01
  -3.2255590e+01
  -3.2473515e+01
  -3.2676439e+01
  -3.2851473e+01
  -3.3007418e+01
  -3.3150928e+01
  -3.3283243e+01
  -3.3399550e+01
  -3.3488366e+01
  -3.3557422e+01
  -3.3611445e+01
  -3.3653242e+01
  -3.3674841e+01
  -3.3518455e+01
  -3.3023879e+01
  -3.2341076e+01
  -3.1515420e+01
  -3.0389502e+01
  -2.8858534e+01
  -2.7146351e+01
  -2.5401817e+01
  -2.3565568e+01
  -2.1580114e+01
  -1.9426215e+01
  -1.7165827e+01
  -1.4955810e+01
  -1.2820906e+01
  -1.0641252e+01
  -8.3505261e+00
  -6.9658817e+00
  -5.8703307e+00
  -4.9260512e+00
  -4.0568974e+00
  -3.2220870e+00
  -2.4417271e+00
  -1.7178889e+00
  -1.0432104e+00
  -3.9002869e-01
   2.6011534e-01
   8.8516996e-01
   1.4749955e+00
   2.0392123e+00
   2.5936710e+00
   3.1401822e+00
   3.6679655e+00
   4.1785509e+00
   4.6728820e+00
   5.1544814e+00
   5.6335546e+00
   6.1003395e+00
   6.5484484e+00
   6.9837044e+00
   7.4115317e+00
   7.8361878e+00
   8.2519777e+00
   8.6556483e+00
   9.0471631e+00
   9.4326461e+00
   9.8196553e+00
   1.0199172e+01
   1.0565656e+01
   1.0922887e+01
   1.1277870e+01
   1.1633236e+01
   1.1983035e+01
   1.2325808e+01
   1.2662984e+01
   1.2998331e+01
   1.3335319e+01
   1.3670232e+01
   1.3999097e+01
   1.4321956e+01
   1.4646748e+01
   1.4973938e+01
   1.5297225e+01
   1.5617940e+01
   1.5936502e+01
   1.6257476e+01
   1.6583108e+01
   1.6907984e+01
   1.7230862e+01
   1.7551235e+01
   1.7874653e+01
   1.8203274e+01
   1.8531430e+01
   1.8860510e+01
   1.9188330e+01
   1.9518603e+01
   1.9857148e+01
   2.0199003e+01
   2.0540820e+01
   2.0881283e+01
   2.1225751e+01
   2.1578202e+01
   2.1932993e+01
   2.2285505e+01
   2.2634663e+01
   2.2988822e+01
   2.3352085e+01
   2.3715951e+01
   2.4077868e+01
   2.4438923e+01
   2.4801910e+01
   2.5171710e+01
   2.5543070e+01
   2.5908063e+01
   2.6267261e+01
   2.6628852e+01
   2.6996409e+01
   2.7362531e+01
   2.7720952e+01
   2.8068608e+01
   2.8412215e+01
   2.8761209e+01
   2.9107624e+01
   2.9443167e+01
   2.9765835e+01
   3.0083749e+01
   3.0400332e+01
   3.0707517e+01
   3.1001841e+01
   3.1278840e+01
   3.1541982e+01
   3.1802574e+01
   3.2052610e+01
   3.2280537e+01
   3.2486690e+01
   3.2682126e+01
   3.2873823e+01
   3.3046221e+01
   3.3193980e+01
   3.3318791e+01
   3.3425981e+01
   3.3522159e+01
   3.3602324e+01
   3.3661164e+01
   3.3691368e+01
   3.3700158e+01
   3.3697576e+01
   3.3401728e+01
   3.2759535e+01
   3.1707193e+01
   3.0364637e+01
   2.9009488e+01
   2.7503181e+01
   2.5725526e+01
   2.3726505e+01
   2.1638553e+01
   1.9557234e+01
   1.7430746e+01
   1.5221963e+01
   1.2950643e+01
