   9.0738814e+00
   9.0738814e+00
   8.4666276e+00
   7.9016289e+00
   7.2934020e+00
   6.6771906e+00
   6.1281432e+00
   5.6574307e+00
   5.1944337e+00
   4.6874845e+00
   4.1725728e+00
   3.7084125e+00
   3.2932764e+00
   2.8769022e+00
   2.4243870e+00
   1.9618726e+00
   1.5275580e+00
   1.1307912e+00
   7.4015552e-01
   3.2353515e-01
  -1.0504202e-01
  -5.1207497e-01
  -8.8411319e-01
  -1.2535689e+00
  -1.6494572e+00
  -2.0549242e+00
  -2.4369529e+00
  -2.7931287e+00
  -3.1498804e+00
  -3.5273562e+00
  -3.9151419e+00
  -4.2854243e+00
  -4.6291288e+00
  -4.9694337e+00
  -5.3327647e+00
  -5.7068836e+00
  -6.0659564e+00
  -6.4036844e+00
  -6.7401146e+00
  -7.0995211e+00
  -7.4718949e+00
  -7.8284927e+00
  -8.1562054e+00
  -8.4800114e+00
  -8.8285260e+00
  -9.1919161e+00
  -9.5414398e+00
  -9.8640892e+00
  -1.0184451e+01
  -1.0525776e+01
  -1.0879437e+01
  -1.1222042e+01
  -1.1539960e+01
  -1.1856151e+01
  -1.2194418e+01
  -1.2543978e+01
  -1.2878255e+01
  -1.3185682e+01
  -1.3493511e+01
  -1.3826219e+01
  -1.4169545e+01
  -1.4494591e+01
  -1.4796243e+01
  -1.5098977e+01
  -1.5421660e+01
  -1.5756046e+01
  -1.6072068e+01
  -1.6357716e+01
  -1.6645010e+01
  -1.6960189e+01
  -1.7283256e+01
  -1.7587344e+01
  -1.7864865e+01
  -1.8138955e+01
  -1.8436096e+01
  -1.8741510e+01
  -1.9027746e+01
  -1.9281573e+01
  -1.9526378e+01
  -1.9794174e+01
  -2.0076708e+01
  -2.0337299e+01
  -2.0561606e+01
  -2.0781951e+01
  -2.1020742e+01
  -2.1268162e+01
  -2.1488585e+01
  -2.1667093e+01
  -2.1839523e+01
  -2.2036052e+01
  -2.2242879e+01
  -2.2418625e+01
  -2.2548072e+01
  -2.2674367e+01
  -2.2827334e+01
  -2.2982971e+01
  -2.3106416e+01
  -2.3182516e+01
  -2.3248555e+01
  -2.3342497e+01
  -2.3443631e+01
  -2.3505272e+01
  -2.3522010e+01
  -2.3535056e+01
  -2.3562411e+01
  -2.3593471e+01
  -2.3589291e+01
  -2.3301271e+01
  -2.2986351e+01
  -2.2786831e+01
  -2.2627051e+01
  -2.2251735e+01
  -2.1579820e+01
  -2.0843733e+01
  -2.0251224e+01
  -1.9729505e+01
  -1.9016300e+01
  -1.8054665e+01
  -1.7066778e+01
  -1.6199554e+01
  -1.5373398e+01
  -1.4395450e+01
  -1.3220138e+01
  -1.2042669e+01
  -1.1018106e+01
  -1.0186048e+01
  -9.3963383e+00
  -8.6110600e+00
  -7.9130423e+00
  -7.3330295e+00
  -6.8182249e+00
  -6.2846727e+00
  -5.7140758e+00
  -5.1744150e+00
  -4.7057806e+00
  -4.2689167e+00
  -3.8039575e+00
  -3.3154672e+00
  -2.8486937e+00
  -2.4240176e+00
  -2.0230430e+00
  -1.6033470e+00
  -1.1521169e+00
  -7.0828573e-01
  -3.0512534e-01
   7.3705570e-02
   4.6649274e-01
   8.8389341e-01
   1.2976221e+00
   1.6790767e+00
   2.0420914e+00
   2.4190883e+00
   2.8144583e+00
   3.2048023e+00
   3.5686086e+00
   3.9120485e+00
   4.2712218e+00
   4.6555022e+00
   5.0311484e+00
   5.3793946e+00
   5.7130858e+00
   6.0631594e+00
   6.4378279e+00
   6.8072910e+00
   7.1525796e+00
   7.4853329e+00
   7.8275202e+00
   8.1871468e+00
   8.5442977e+00
   8.8801130e+00
   9.2035627e+00
   9.5372751e+00
   9.8923435e+00
   1.0247271e+01
   1.0577884e+01
   1.0895272e+01
   1.1224124e+01
   1.1574040e+01
   1.1922012e+01
   1.2242968e+01
   1.2551623e+01
   1.2874175e+01
   1.3219111e+01
   1.3561039e+01
   1.3877222e+01
   1.4182689e+01
   1.4501032e+01
   1.4840092e+01
   1.5174974e+01
   1.5483502e+01
   1.5779600e+01
   1.6085608e+01
   1.6414160e+01
   1.6742329e+01
   1.7038681e+01
   1.7313535e+01
   1.7599287e+01
   1.7907915e+01
   1.8210751e+01
   1.8486753e+01
   1.8745220e+01
   1.9013742e+01
   1.9307431e+01
   1.9596277e+01
   1.9850369e+01
   2.0078464e+01
   2.0317098e+01
   2.0582327e+01
   2.0835314e+01
   2.1052817e+01
   2.1251073e+01
   2.1453045e+01
   2.1674280e+01
   2.1888604e+01
   2.2065916e+01
   2.2214982e+01
   2.2367758e+01
   2.2541066e+01
   2.2707118e+01
   2.2834561e+01
   2.2932898e+01
   2.3041558e+01
   2.3170206e+01
   2.3282696e+01
   2.3356465e+01
   2.3395864e+01
   2.3439770e+01
   2.3503484e+01
   2.3552659e+01
   2.3563997e+01
   2.3393134e+01
   2.3258888e+01
   2.3263004e+01
   2.3166587e+01
   2.2793647e+01
   2.2227675e+01
   2.1697563e+01
   2.1328244e+01
   2.0891360e+01
   2.0185517e+01
   1.9309702e+01
   1.8511927e+01
   1.7818516e+01
   1.7058021e+01
   1.6088497e+01
   1.4956774e+01
   1.3902293e+01
   1.2993003e+01
   1.2032766e+01
   1.0875691e+01
   9.8469545e+00
   9.0738814e+00
