   1.2528500e+01
   1.2528500e+01
   1.0264913e+01
   8.6037051e+00
   7.3916897e+00
   6.3430009e+00
   5.3780201e+00
   4.5021569e+00
   3.7154037e+00
   2.9731148e+00
   2.2584604e+00
   1.5624323e+00
   8.9776553e-01
   2.7189185e-01
  -3.3359795e-01
  -9.2598678e-01
  -1.5051966e+00
  -2.0615798e+00
  -2.5929695e+00
  -3.1117667e+00
  -3.6239606e+00
  -4.1252394e+00
  -4.6071458e+00
  -5.0691086e+00
  -5.5202201e+00
  -5.9677641e+00
  -6.4095820e+00
  -6.8352504e+00
  -7.2441945e+00
  -7.6462348e+00
  -8.0449400e+00
  -8.4399818e+00
  -8.8243437e+00
  -9.1968790e+00
  -9.5644432e+00
  -9.9266010e+00
  -1.0284307e+01
  -1.0635683e+01
  -1.0977751e+01
  -1.1315616e+01
  -1.1651259e+01
  -1.1986802e+01
  -1.2317830e+01
  -1.2640662e+01
  -1.2963067e+01
  -1.3284621e+01
  -1.3604302e+01
  -1.3921132e+01
  -1.4233700e+01
  -1.4545999e+01
  -1.4860698e+01
  -1.5177917e+01
  -1.5492867e+01
  -1.5803555e+01
  -1.6115508e+01
  -1.6432104e+01
  -1.6753161e+01
  -1.7074727e+01
  -1.7394699e+01
  -1.7715793e+01
  -1.8040003e+01
  -1.8369802e+01
  -1.8699976e+01
  -1.9028092e+01
  -1.9359281e+01
  -1.9695310e+01
  -2.0037725e+01
  -2.0382190e+01
  -2.0726414e+01
  -2.1074117e+01
  -2.1425178e+01
  -2.1782339e+01
  -2.2142073e+01
  -2.2497264e+01
  -2.2854812e+01
  -2.3217586e+01
  -2.3585725e+01
  -2.3957194e+01
  -2.4325517e+01
  -2.4691616e+01
  -2.5061157e+01
  -2.5437171e+01
  -2.5808463e+01
  -2.6170879e+01
  -2.6534033e+01
  -2.6898603e+01
  -2.7263484e+01
  -2.7622385e+01
  -2.7969440e+01
  -2.8314056e+01
  -2.8656202e+01
  -2.8997101e+01
  -2.9331938e+01
  -2.9647955e+01
  -2.9950621e+01
  -3.0246798e+01
  -3.0540248e+01
  -3.0820387e+01
  -3.1080826e+01
  -3.1330774e+01
  -3.1568356e+01
  -3.1795264e+01
  -3.2006731e+01
  -3.2189275e+01
  -3.2352019e+01
  -3.2501876e+01
  -3.2640117e+01
  -3.2761694e+01
  -3.2854574e+01
  -3.2926814e+01
  -3.2983344e+01
  -3.3027088e+01
  -3.3049697e+01
  -3.2896246e+01
  -3.2410876e+01
  -3.1740430e+01
  -3.0929133e+01
  -2.9821842e+01
  -2.8314447e+01
  -2.6625993e+01
  -2.4902708e+01
  -2.3085779e+01
  -2.1117874e+01
  -1.8979257e+01
  -1.6730855e+01
  -1.4528667e+01
  -1.2397941e+01
  -1.0219502e+01
  -8.4991311e+00
  -7.2446575e+00
  -6.2133938e+00
  -5.3096777e+00
  -4.4699629e+00
  -3.6583522e+00
  -2.8962352e+00
  -2.1870132e+00
  -1.5243891e+00
  -8.8174894e-01
  -2.4123001e-01
   3.7522170e-01
   9.5737984e-01
   1.5145613e+00
   2.0622989e+00
   2.6022934e+00
   3.1238165e+00
   3.6283167e+00
   4.1166767e+00
   4.5923380e+00
   5.0653449e+00
   5.5260251e+00
   5.9680576e+00
   6.3971808e+00
   6.8187338e+00
   7.2368985e+00
   7.6460552e+00
   8.0430050e+00
   8.4277234e+00
   8.8062389e+00
   9.1859727e+00
   9.5580732e+00
   9.9171289e+00
   1.0266869e+01
   1.0614170e+01
   1.0961616e+01
   1.1303406e+01
   1.1638135e+01
   1.1967227e+01
   1.2294383e+01
   1.2623012e+01
   1.2949511e+01
   1.3270035e+01
   1.3584657e+01
   1.3901140e+01
   1.4219967e+01
   1.4535028e+01
   1.4847650e+01
   1.5158269e+01
   1.5471366e+01
   1.5789167e+01
   1.6106422e+01
   1.6421946e+01
   1.6735269e+01
   1.7051842e+01
   1.7373814e+01
   1.7695666e+01
   1.8018782e+01
   1.8341041e+01
   1.8666111e+01
   1.8999754e+01
   1.9337122e+01
   1.9674935e+01
   2.0011903e+01
   2.0353342e+01
   2.0703230e+01
   2.1055999e+01
   2.1407070e+01
   2.1755361e+01
   2.2109210e+01
   2.2472746e+01
   2.2837498e+01
   2.3200905e+01
   2.3564050e+01
   2.3929743e+01
   2.4302916e+01
   2.4678292e+01
   2.5047852e+01
   2.5412137e+01
   2.5779434e+01
   2.6153387e+01
   2.6526478e+01
   2.6892301e+01
   2.7247685e+01
   2.7599450e+01
   2.7957249e+01
   2.8312924e+01
   2.8657933e+01
   2.8990163e+01
   2.9317931e+01
   2.9644749e+01
   2.9962270e+01
   3.0266873e+01
   3.0553881e+01
   3.0826830e+01
   3.1097413e+01
   3.1357302e+01
   3.1594439e+01
   3.1809112e+01
   3.2012786e+01
   3.2212714e+01
   3.2392645e+01
   3.2546962e+01
   3.2677384e+01
   3.2789447e+01
   3.2890038e+01
   3.2973910e+01
   3.3035490e+01
   3.3067107e+01
   3.3076310e+01
   3.3073776e+01
   3.2783471e+01
   3.2153111e+01
   3.1119460e+01
   2.9799292e+01
   2.8464883e+01
   2.6979585e+01
   2.5224100e+01
   2.3246614e+01
   2.1177305e+01
   1.9110745e+01
   1.6995655e+01
   1.4795046e+01
   1.2528500e+01
