   9.1138590e+00
   9.1138590e+00
   8.5451754e+00
   8.0101903e+00
   7.4297819e+00
   6.8378951e+00
   6.3077653e+00
   5.8515684e+00
   5.4016396e+00
   4.9078700e+00
   4.4052499e+00
   3.9512966e+00
   3.5446683e+00
   3.1363256e+00
   2.6920413e+00
   2.2374361e+00
   1.8101083e+00
   1.4193774e+00
   1.0343942e+00
   6.2351784e-01
   2.0055762e-01
  -2.0140776e-01
  -5.6903278e-01
  -9.3429495e-01
  -1.3258816e+00
  -1.7271437e+00
  -2.1053961e+00
  -2.4582086e+00
  -2.8117342e+00
  -3.1859435e+00
  -3.5705292e+00
  -3.9379054e+00
  -4.2790426e+00
  -4.6169242e+00
  -4.9777923e+00
  -5.3495109e+00
  -5.7064140e+00
  -6.0422223e+00
  -6.3768546e+00
  -6.7344627e+00
  -7.1051100e+00
  -7.4601920e+00
  -7.7866346e+00
  -8.1092990e+00
  -8.4567075e+00
  -8.8190844e+00
  -9.1677772e+00
  -9.4897897e+00
  -9.8096407e+00
  -1.0150552e+01
  -1.0503933e+01
  -1.0846419e+01
  -1.1164365e+01
  -1.1480715e+01
  -1.1819294e+01
  -1.2169337e+01
  -1.2504237e+01
  -1.2812381e+01
  -1.3121063e+01
  -1.3454842e+01
  -1.3799440e+01
  -1.4125859e+01
  -1.4428933e+01
  -1.4733234e+01
  -1.5057739e+01
  -1.5394182e+01
  -1.5712317e+01
  -1.6000020e+01
  -1.6289514e+01
  -1.6607252e+01
  -1.6933112e+01
  -1.7239991e+01
  -1.7520201e+01
  -1.7797073e+01
  -1.8097368e+01
  -1.8406178e+01
  -1.8695746e+01
  -1.8952653e+01
  -1.9200534e+01
  -1.9471809e+01
  -1.9758142e+01
  -2.0022366e+01
  -2.0249903e+01
  -2.0473506e+01
  -2.0715918e+01
  -2.0967194e+01
  -2.1191148e+01
  -2.1372583e+01
  -2.1547895e+01
  -2.1747768e+01
  -2.1958185e+01
  -2.2137045e+01
  -2.2268826e+01
  -2.2397426e+01
  -2.2553218e+01
  -2.2711772e+01
  -2.2837564e+01
  -2.2915127e+01
  -2.2982445e+01
  -2.3078215e+01
  -2.3181335e+01
  -2.3244198e+01
  -2.3261269e+01
  -2.3274575e+01
  -2.3302476e+01
  -2.3334158e+01
  -2.3330019e+01
  -2.3044796e+01
  -2.2732847e+01
  -2.2535151e+01
  -2.2376800e+01
  -2.2004788e+01
  -2.1338554e+01
  -2.0608240e+01
  -2.0019989e+01
  -1.9501750e+01
  -1.8792987e+01
  -1.7836773e+01
  -1.6853688e+01
  -1.5990018e+01
  -1.5166719e+01
  -1.4191578e+01
  -1.3018862e+01
  -1.1843105e+01
  -1.0861760e+01
  -1.0138514e+01
  -9.4208896e+00
  -8.6893619e+00
  -8.0287079e+00
  -7.4743937e+00
  -6.9794287e+00
  -6.4642387e+00
  -5.9112518e+00
  -5.3865352e+00
  -4.9296968e+00
  -4.5030044e+00
  -4.0481472e+00
  -3.5695478e+00
  -3.1115786e+00
  -2.6944082e+00
  -2.3001256e+00
  -1.8870748e+00
  -1.4426157e+00
  -1.0050801e+00
  -6.0733663e-01
  -2.3335432e-01
   1.5462776e-01
   5.6715355e-01
   9.7628049e-01
   1.3536923e+00
   1.7130280e+00
   2.0863646e+00
   2.4780641e+00
   2.8649527e+00
   3.2256892e+00
   3.5663607e+00
   3.9227651e+00
   4.3042216e+00
   4.6772504e+00
   5.0231987e+00
   5.3548023e+00
   5.7028007e+00
   6.0753773e+00
   6.4429145e+00
   6.7865307e+00
   7.1177884e+00
   7.4585546e+00
   7.8168156e+00
   8.1727463e+00
   8.5075438e+00
   8.8301326e+00
   9.1630778e+00
   9.5174654e+00
   9.8718598e+00
   1.0202117e+01
   1.0519292e+01
   1.0848053e+01
   1.1198017e+01
   1.1546196e+01
   1.1867492e+01
   1.2176607e+01
   1.2499776e+01
   1.2845528e+01
   1.3188433e+01
   1.3505677e+01
   1.3812310e+01
   1.4132013e+01
   1.4472686e+01
   1.4809334e+01
   1.5119651e+01
   1.5417608e+01
   1.5725683e+01
   1.6056612e+01
   1.6387333e+01
   1.6686148e+01
   1.6963420e+01
   1.7251816e+01
   1.7563446e+01
   1.7869385e+01
   1.8148356e+01
   1.8409725e+01
   1.8681378e+01
   1.8978627e+01
   1.9271121e+01
   1.9528549e+01
   1.9759739e+01
   2.0001704e+01
   2.0270745e+01
   2.0527485e+01
   2.0748310e+01
   2.0949670e+01
   2.1154874e+01
   2.1379726e+01
   2.1597637e+01
   2.1777984e+01
   2.1929646e+01
   2.2085123e+01
   2.2261541e+01
   2.2430624e+01
   2.2560430e+01
   2.2660612e+01
   2.2771329e+01
   2.2902437e+01
   2.3017102e+01
   2.3092313e+01
   2.3132487e+01
   2.3177259e+01
   2.3242236e+01
   2.3292390e+01
   2.3303955e+01
   2.3134754e+01
   2.3001790e+01
   2.3005996e+01
   2.2910488e+01
   2.2541031e+01
   2.1980145e+01
   2.1454518e+01
   2.1088145e+01
   2.0654601e+01
   1.9953880e+01
   1.9083884e+01
   1.8290818e+01
   1.7601047e+01
   1.6844127e+01
   1.5878595e+01
   1.4750721e+01
   1.3698987e+01
   1.2791430e+01
   1.1832475e+01
   1.0719682e+01
   9.8229780e+00
   9.1138590e+00
