   1.1493643e+02   1.1983240e+00
   1.1235022e+02   1.1983240e+00
   1.1079850e+02   1.1983240e+00
   1.0769698e+02   1.1927374e+00
   1.0200539e+02   1.1983240e+00
   9.6838759e+01   1.1815642e+00
   8.9597380e+01   1.1815642e+00
   8.3390484e+01   1.1815642e+00
   7.6670198e+01   1.1703911e+00
   6.8394336e+01   1.1703911e+00
   5.9089771e+01   1.1536313e+00
   5.0296667e+01   1.1536313e+00
   4.4610865e+01   1.1424581e+00
   3.7890580e+01   1.1312849e+00
   3.0135812e+01   1.1201117e+00
   2.3936621e+01   1.0977654e+00
   1.7737430e+01   1.0754190e+00
   1.3089963e+01   1.0530726e+00
   7.4099403e+00   1.0251397e+00
   2.7605471e+00   1.0083799e+00
   1.8011944e-01   9.9162011e-01
  -5.4921980e+00   9.4134078e-01
  -1.1683683e+01   8.9664804e-01
  -1.6836833e+01   8.4078212e-01
  -2.0957426e+01   7.9050279e-01
  -2.4043537e+01   7.4022346e-01
  -2.8160277e+01   6.7877095e-01
  -3.0721441e+01   6.0614525e-01
  -3.2771142e+01   5.5027933e-01
  -3.5334232e+01   4.8324022e-01
  -3.6341745e+01   4.0502793e-01
  -3.7870353e+01   3.3798883e-01
  -3.8356771e+01   2.4860335e-01
  -3.8331728e+01   1.7597765e-01
  -3.8827779e+01   1.1452514e-01
  -4.0354460e+01   4.1899441e-02
  -4.0337122e+01  -8.3798883e-03
  -4.0835099e+01  -6.4245810e-02
  -4.1325371e+01  -1.4245810e-01
  -4.2336737e+01  -2.0949721e-01
  -4.2830861e+01  -2.7653631e-01
  -4.3328838e+01  -3.3240223e-01
  -4.4865151e+01  -3.7709497e-01
  -4.5874591e+01  -4.4972067e-01
  -4.6891736e+01  -5.0000000e-01
  -4.7910807e+01  -5.4469274e-01
  -4.9973993e+01  -5.6145251e-01
  -4.6864766e+01  -5.7821229e-01
  -3.9623387e+01  -5.7821229e-01
  -3.2899249e+01  -5.7821229e-01
  -2.8769023e+01  -5.5586592e-01
  -2.3081295e+01  -5.5027933e-01
  -1.8431901e+01  -5.3351955e-01
  -1.2744173e+01  -5.2793296e-01
  -7.0564438e+00  -5.2234637e-01
  -2.4089771e+00  -5.0000000e-01
   1.7270275e+00  -4.9441341e-01
   6.3667887e+00  -4.4972067e-01
   9.9797727e+00  -4.2737430e-01
   1.2556348e+01  -3.9944134e-01
   1.4617607e+01  -3.7709497e-01
   1.6159699e+01  -3.4916201e-01
   1.1510306e+01  -3.6592179e-01
   6.3417453e+00  -3.7709497e-01
   2.2057407e+00  -3.8268156e-01
  -1.4149490e+00  -3.8268156e-01
  -7.0988249e+00  -3.9944134e-01
  -1.3817184e+01  -4.1620112e-01
  -1.8987671e+01  -4.2178771e-01
  -2.4673473e+01  -4.3296089e-01
  -3.0357349e+01  -4.4972067e-01
  -3.5004816e+01  -4.7206704e-01
  -3.8617800e+01  -4.9441341e-01
  -4.2232710e+01  -5.1117318e-01
  -4.5330380e+01  -5.2793296e-01
  -5.1516086e+01  -5.8938547e-01
  -5.2537083e+01  -6.2849162e-01
  -5.5104026e+01  -6.8435754e-01
  -5.7672895e+01  -7.3463687e-01
  -5.9722597e+01  -7.9050279e-01
  -6.2295319e+01  -8.2960894e-01
  -6.5902524e+01  -8.6871508e-01
  -6.9509728e+01  -9.0782123e-01
  -7.2082450e+01  -9.4692737e-01
  -7.7758621e+01  -9.8603352e-01
  -8.0850510e+01  -1.0195531e+00
  -8.5496051e+01  -1.0474860e+00
  -8.9624350e+01  -1.0754190e+00
  -9.3231555e+01  -1.1145251e+00
  -9.7882874e+01  -1.1256983e+00
  -1.0201117e+02  -1.1536313e+00
  -1.0666057e+02  -1.1703911e+00
  -1.0975631e+02  -1.1927374e+00
  -1.1337700e+02  -1.1927374e+00
  -1.1647081e+02  -1.2206704e+00
  -1.0922944e+02  -1.2206704e+00
  -1.0405895e+02  -1.2150838e+00
  -9.4235215e+01  -1.2039106e+00
  -8.4926796e+01  -1.1983240e+00
  -7.7685417e+01  -1.1983240e+00
  -6.7342516e+01  -1.1927374e+00
  -5.9070507e+01  -1.1815642e+00
  -5.0279330e+01  -1.1759777e+00
  -3.8392410e+01  -1.1480447e+00
  -2.7538047e+01  -1.1256983e+00
  -2.0304373e+01  -1.1033520e+00
  -1.3589867e+01  -1.0754190e+00
  -6.8753612e+00  -1.0474860e+00
   8.6592179e-01  -9.9720670e-01
   7.0593335e+00  -9.5810056e-01
   1.2727798e+01  -8.9664804e-01
   1.6852244e+01  -8.5754190e-01
   2.0974764e+01  -8.1284916e-01
   2.4060875e+01  -7.6256983e-01
   2.7145059e+01  -7.0670391e-01
   3.0740705e+01  -6.3407821e-01
   3.3298016e+01  -5.5027933e-01
   3.5340012e+01  -4.7206704e-01
   3.6355230e+01  -4.1620112e-01
   3.8389520e+01  -3.1564246e-01
   3.8875939e+01  -2.2625698e-01
   3.8835484e+01  -1.0893855e-01
   4.0364092e+01  -4.1899441e-02
   4.0346754e+01   8.3798883e-03
   4.1360046e+01   6.9832402e-02
   4.2363706e+01   1.5921788e-01
   4.2859757e+01   2.2067039e-01
   4.2842420e+01   2.7094972e-01
   4.4371027e+01   3.3798883e-01
   4.5899634e+01   4.0502793e-01
   4.7432094e+01   4.6089385e-01
   4.8962628e+01   5.2234637e-01
   4.9983626e+01   5.6145251e-01
   4.5841842e+01   5.7262570e-01
   4.1192448e+01   5.5586592e-01
   3.4985552e+01   5.5586592e-01
   2.8786361e+01   5.3351955e-01
   2.3098632e+01   5.2793296e-01
   1.6376421e+01   5.2234637e-01
   9.6580620e+00   5.0558659e-01
   5.0067424e+00   4.9441341e-01
   1.3937584e+00   4.7206704e-01
  -2.7383934e+00   4.5530726e-01
  -6.8686188e+00   4.3296089e-01
  -1.0479676e+01   4.0502793e-01
  -1.4598343e+01   3.4916201e-01
  -8.9144673e+00   3.6592179e-01
  -2.1961086e+00   3.8268156e-01
   4.5241765e+00   3.9385475e-01
   1.1240609e+01   4.1620112e-01
   1.7962820e+01   4.2178771e-01
   2.3648623e+01   4.3296089e-01
   2.9330572e+01   4.5530726e-01
   3.7596802e+01   4.8324022e-01
   4.3276825e+01   5.1117318e-01
   5.3062030e+01   6.3407821e-01
   5.6148141e+01   6.8435754e-01
   6.0259102e+01   7.6256983e-01
   6.3854749e+01   8.3519553e-01
   6.9525140e+01   8.9106145e-01
   7.3651512e+01   9.2458101e-01
   7.9837218e+01   9.8603352e-01
   8.5509536e+01   1.0363128e+00
   9.1187632e+01   1.0698324e+00
   9.8928915e+01   1.1201117e+00
   1.0460894e+02   1.1480447e+00
   1.1080813e+02   1.1703911e+00
   1.1442111e+02   1.1927374e+00
