   1.1636035e+02   1.2067901e+00
   1.1297689e+02   1.2067901e+00
   1.0733721e+02   1.2098765e+00
   1.0029066e+02   1.1975309e+00
   9.3665878e+01   1.1913580e+00
   8.3517822e+01   1.1790123e+00
   7.2805857e+01   1.1666667e+00
   6.5475030e+01   1.1666667e+00
   5.4197995e+01   1.1604938e+00
   4.0669962e+01   1.1296296e+00
   3.0521907e+01   1.1172840e+00
   2.0940082e+01   1.0925926e+00
   1.0798988e+01   1.0432099e+00
   1.7857143e+00   9.9382716e-01
  -8.9146477e+00   9.1975309e-01
  -1.6228070e+01   8.2716049e-01
  -2.1287014e+01   7.4074074e-01
  -2.5928247e+01   6.8209877e-01
  -2.8736192e+01   6.2037037e-01
  -3.2943470e+01   5.0308642e-01
  -3.5456117e+01   3.7037037e-01
  -3.7126381e+01   2.5617284e-01
  -3.7953100e+01   1.5432099e-01
  -3.8496125e+01   4.3209877e-02
  -3.9051912e+01   8.8817842e-16
  -3.9600738e+01  -8.0246914e-02
  -4.0428038e+01  -1.7901235e-01
  -4.0976863e+01  -2.5925926e-01
  -4.2366913e+01  -3.6419753e-01
  -4.4042398e+01  -4.5061728e-01
  -4.6003899e+01  -5.1543210e-01
  -4.9091479e+01  -5.8950617e-01
  -5.1616309e+01  -6.5740741e-01
  -5.4987585e+01  -7.2222222e-01
  -5.7515316e+01  -7.7469136e-01
  -6.2017892e+01  -8.2098765e-01
  -6.5955398e+01  -8.7345679e-01
  -7.0173118e+01  -9.3518519e-01
  -7.6365683e+01  -9.9074074e-01
  -8.2559988e+01  -1.0370370e+00
  -8.8754873e+01  -1.0802469e+00
  -9.4107375e+01  -1.1049383e+00
  -9.8894806e+01  -1.1358025e+00
  -1.0340144e+02  -1.1604938e+00
  -1.0903590e+02  -1.1851852e+00
  -1.1241646e+02  -1.2006173e+00
  -1.0564954e+02  -1.2006173e+00
  -9.7190894e+01  -1.2006173e+00
  -7.9712592e+01  -1.1851852e+00
  -7.3510164e+01  -1.1820988e+00
  -6.5899123e+01  -1.1728395e+00
  -5.8851411e+01  -1.1666667e+00
  -5.2085074e+01  -1.1635802e+00
  -4.7012206e+01  -1.1512346e+00
  -4.1091154e+01  -1.1512346e+00
  -3.5172422e+01  -1.1388889e+00
  -2.8127031e+01  -1.1203704e+00
  -1.9953240e+01  -1.1049383e+00
  -1.5447763e+01  -1.0740741e+00
  -1.0094101e+01  -1.0555556e+00
  -5.3049290e+00  -1.0339506e+00
  -1.9261116e+00  -1.0092593e+00
   1.1724914e+00  -9.9382716e-01
   5.3948529e+00  -9.5679012e-01
   1.1307203e+01  -9.1049383e-01
   1.5524343e+01  -8.4567901e-01
   2.2279657e+01  -7.8395062e-01
   2.6496798e+01  -7.1913580e-01
   2.9584958e+01  -6.4814815e-01
   3.3798617e+01  -5.6481481e-01
   3.4353244e+01  -5.1543210e-01
   3.6871113e+01  -4.1049383e-01
   3.7701313e+01  -3.2716049e-01
   3.9661654e+01  -2.5617284e-01
   3.9644250e+01  -1.6358025e-01
   4.0474450e+01  -8.0246914e-02
   4.1030818e+01  -4.0123457e-02
   4.1023276e+01   0.0000000e+00
   4.1015154e+01   4.3209877e-02
   4.1570361e+01   8.9506173e-02
   4.1842453e+01   1.4197531e-01
   4.2959830e+01   1.9753086e-01
   4.2666852e+01   2.5617284e-01
   4.2940685e+01   2.9938272e-01
   4.4340597e+01   3.5185185e-01
   4.6022464e+01   4.0432099e-01
   4.7419475e+01   4.7222222e-01
   4.9380976e+01   5.3703704e-01
   5.1903486e+01   6.1728395e-01
   5.6118305e+01   6.9444444e-01
   5.8644296e+01   7.5617284e-01
   6.4830479e+01   8.4567901e-01
   6.9332475e+01   8.9506173e-01
   7.4117586e+01   9.3827160e-01
   7.8056832e+01   9.8148148e-01
   8.2843103e+01   1.0185185e+00
   8.8474079e+01   1.0617284e+00
   9.3825420e+01   1.0925926e+00
   9.8051262e+01   1.1111111e+00
   1.0199283e+02   1.1419753e+00
   1.0537339e+02   1.1574074e+00
   1.0931727e+02   1.1759259e+00
   1.1269783e+02   1.1913580e+00
   1.1495405e+02   1.1882716e+00
   1.1720621e+02   1.2067901e+00
