  -1.6271209e-02
  -1.6270876e-02
  -1.7382544e-02
  -1.5052508e-02
  -3.5517077e-03
   1.0228447e-02
   2.5152280e-02
   3.8924432e-02
   5.4981273e-02
   6.9894436e-02
   9.0547329e-02
   1.1577227e-01
   1.3641716e-01
   1.5935741e-01
   1.8229499e-01
   2.0637892e-01
   2.2473378e-01
   2.4766603e-01
   2.7403732e-01
   3.0041393e-01
   3.2334885e-01
   3.4399107e-01
   3.7036236e-01
   3.9673097e-01
   4.3572540e-01
   4.6210202e-01
   4.9535938e-01
   5.3206111e-01
   5.5613970e-01
   5.8251365e-01
   6.1118296e-01
   6.4673301e-01
   6.7310696e-01
   7.0406897e-01
   7.3159193e-01
   7.5911223e-01
   7.9351860e-01
   8.1989789e-01
   8.5544794e-01
   8.7723918e-01
   9.0820384e-01
   9.4146387e-01
   9.6669948e-01
   9.9881583e-01
   1.0240514e+00
   1.0469917e+00
   1.0710783e+00
   1.0951622e+00
   1.1215495e+00
   1.1490778e+00
   1.1731644e+00
   1.1926736e+00
   1.2179092e+00
   1.2397058e+00
   1.2626620e+00
   1.2878977e+00
   1.3051168e+00
   1.3292114e+00
   1.3464306e+00
   1.3670862e+00
   1.3843054e+00
   1.4072643e+00
   1.4279252e+00
   1.4463121e+00
   1.4623929e+00
   1.4750374e+00
   1.4911236e+00
   1.5072231e+00
   1.5175696e+00
   1.5348128e+00
   1.5486196e+00
   1.5601204e+00
   1.5681875e+00
   1.5762519e+00
   1.5854707e+00
   1.5912398e+00
   1.5981525e+00
   1.6039269e+00
   1.6085443e+00
   1.6177578e+00
   1.6212502e+00
   1.6258782e+00
   1.6305223e+00
   1.6351583e+00
   1.6352197e+00
   1.6409861e+00
   1.6456222e+00
   1.6479762e+00
   1.6537399e+00
   1.6595277e+00
   1.6630094e+00
   1.6665018e+00
   1.6699808e+00
   1.6746009e+00
   1.6757953e+00
   1.6781166e+00
   1.6810132e+00
   1.6827700e+00
   1.6839484e+00
   1.6851214e+00
   1.6857306e+00
   1.6869116e+00
   1.6880980e+00
   1.6881340e+00
   1.6893310e+00
   1.6905134e+00
   1.6911239e+00
   1.6934633e+00
   1.6952521e+00
   1.6970303e+00
   1.6970677e+00
   1.6971184e+00
   1.6977475e+00
   1.6989326e+00
   1.6989806e+00
   1.6990113e+00
   1.6990619e+00
   1.6990980e+00
   1.7008562e+00
   1.7031969e+00
   1.7032489e+00
   1.7044606e+00
   1.7056523e+00
   1.7045593e+00
   1.7068986e+00
   1.7086595e+00
   1.7087062e+00
   1.7099072e+00
   1.7116788e+00
   1.7117161e+00
   1.7117641e+00
   1.7118015e+00
   1.7147380e+00
   1.7165002e+00
   1.7171294e+00
   1.7177532e+00
   1.7172094e+00
   1.7201466e+00
   1.7225514e+00
   1.7203440e+00
   1.7209499e+00
   1.7204034e+00
   1.7204301e+00
   1.7210032e+00
   1.7255606e+00
   1.7243876e+00
   1.7243556e+00
   1.7229398e+00
   1.7229105e+00
   1.7211416e+00
   1.7210843e+00
   1.7197859e+00
   1.7179837e+00
   1.7139181e+00
   1.7115707e+00
   1.7115254e+00
   1.7103363e+00
   1.7085701e+00
   1.7085181e+00
   1.7067519e+00
   1.7066866e+00
   1.7066346e+00
   1.7065865e+00
   1.7042552e+00
   1.7030728e+00
   1.7047417e+00
   1.7041378e+00
   1.7040911e+00
   1.7023329e+00
   1.7017037e+00
   1.7016517e+00
   1.7021876e+00
   1.6998375e+00
   1.6997682e+00
   1.6968543e+00
   1.6956706e+00
   1.6956346e+00
   1.6932925e+00
   1.6932552e+00
   1.6943629e+00
   1.6903146e+00
   1.6891323e+00
   1.6891043e+00
   1.6873554e+00
   1.6873167e+00
   1.6849920e+00
   1.6815263e+00
   1.6814770e+00
   1.6791496e+00
   1.6768182e+00
   1.6738964e+00
   1.6709891e+00
   1.6634832e+00
   1.6611545e+00
   1.6582246e+00
   1.6564598e+00
   1.6552787e+00
   1.6512065e+00
   1.6471410e+00
   1.6413519e+00
   1.6413092e+00
   1.6372463e+00
   1.6349069e+00
   1.6320077e+00
   1.6285113e+00
   1.6261760e+00
   1.6192526e+00
   1.6157695e+00
   1.6111561e+00
   1.6071039e+00
   1.6030490e+00
   1.5978518e+00
   1.5920774e+00
   1.5857191e+00
   1.5782425e+00
   1.5736318e+00
   1.5667190e+00
   1.5632613e+00
   1.5586573e+00
   1.5534707e+00
   1.5488600e+00
   1.5442493e+00
   1.5390720e+00
   1.5310196e+00
   1.5264129e+00
   1.5195121e+00
   1.5108945e+00
   1.5028501e+00
   1.4942299e+00
   1.4890526e+00
   1.4798645e+00
   1.4729678e+00
   1.4649247e+00
   1.4551581e+00
   1.4448210e+00
   1.4361994e+00
   1.4252904e+00
   1.4149520e+00
   1.4080619e+00
   1.3971609e+00
   1.3839633e+00
   1.3742020e+00
   1.3644461e+00
   1.3529626e+00
   1.3449275e+00
   1.3340226e+00
   1.3173852e+00
   1.2921496e+00
   1.2715047e+00
   1.2416730e+00
   1.2210175e+00
   1.1957765e+00
   1.1728390e+00
   1.1636575e+00
   1.1361399e+00
   1.1108990e+00
   1.0787906e+00
   1.0581404e+00
   1.0260267e+00
   9.9621638e-01
   9.6410803e-01
   9.3657973e-01
   9.0906210e-01
   8.6777766e-01
   8.3567998e-01
   7.9898625e-01
   7.7376131e-01
   7.3934960e-01
   7.0725193e-01
   6.8201632e-01
   6.4761528e-01
   6.1781029e-01
   5.8798397e-01
   5.5359360e-01
   5.2149059e-01
   4.8938224e-01
   4.5498654e-01
   4.2517622e-01
   3.9536590e-01
   3.7013562e-01
   3.3344723e-01
   2.8528471e-01
   2.4401093e-01
   2.0272648e-01
   1.7291616e-01
   1.4998258e-01
   1.3393108e-01
   1.0871414e-01
   8.5779225e-02
   5.9405273e-02
   3.9909395e-02
   2.1562531e-02
   1.0097074e-02
   3.5046879e-04
  -8.8216298e-03
  -1.6271209e-02
