  -4.8493691e+01  -1.6270876e-02
  -3.2929148e+01  -1.7382544e-02
  -1.6150812e+01  -1.5052508e-02
   6.7047626e-01  -3.5517077e-03
   1.1514075e+01   1.0228447e-02
   2.1165357e+01   2.5152280e-02
   2.8415900e+01   3.8924432e-02
   3.2084123e+01   5.4981273e-02
   3.6944663e+01   6.9894436e-02
   4.5425105e+01   9.0547329e-02
   4.7938596e+01   1.1577227e-01
   5.2825982e+01   1.3641716e-01
   5.8921791e+01   1.5935741e-01
   6.3819914e+01   1.8229499e-01
   6.8723407e+01   2.0637892e-01
   7.4797740e+01   2.2473378e-01
   7.7300492e+01   2.4766603e-01
   7.9819352e+01   2.7403732e-01
   8.4733583e+01   3.0041393e-01
   8.8434021e+01   3.2334885e-01
   9.2123721e+01   3.4399107e-01
   9.4642580e+01   3.7036236e-01
   9.5963754e+01   3.9673097e-01
   1.0453010e+02   4.3572540e-01
   1.0944433e+02   4.6210202e-01
   1.1558846e+02   4.9535938e-01
   1.2414407e+02   5.3206111e-01
   1.2665219e+02   5.5613970e-01
   1.3036874e+02   5.8251365e-01
   1.3529371e+02   6.1118296e-01
   1.4144858e+02   6.4673301e-01
   1.4516512e+02   6.7310696e-01
   1.5010083e+02   7.0406897e-01
   1.5502043e+02   7.3159193e-01
   1.5874234e+02   7.5911223e-01
   1.6608953e+02   7.9351860e-01
   1.7220145e+02   8.1989789e-01
   1.7835631e+02   8.5544794e-01
   1.8324907e+02   8.7723918e-01
   1.8938246e+02   9.0820384e-01
   1.9672428e+02   9.4146387e-01
   2.0402851e+02   9.6669948e-01
   2.1256264e+02   9.9881583e-01
   2.1986688e+02   1.0240514e+00
   2.2596268e+02   1.0469917e+00
   2.3206386e+02   1.0710783e+00
   2.3696736e+02   1.0951622e+00
   2.4667233e+02   1.1215495e+00
   2.5398730e+02   1.1490778e+00
   2.6008848e+02   1.1731644e+00
   2.6976124e+02   1.1926736e+00
   2.7706547e+02   1.2179092e+00
   2.8435360e+02   1.2397058e+00
   2.9763552e+02   1.2626620e+00
   3.0493975e+02   1.2878977e+00
   3.1579946e+02   1.3051168e+00
   3.2549369e+02   1.3292114e+00
   3.3635340e+02   1.3464306e+00
   3.4603153e+02   1.3670862e+00
   3.5689123e+02   1.3843054e+00
   3.7137084e+02   1.4072643e+00
   3.8344434e+02   1.4279252e+00
   4.0389090e+02   1.4463121e+00
   4.1833829e+02   1.4623929e+00
   4.3396726e+02   1.4750374e+00
   4.5081003e+02   1.4911236e+00
   4.7364122e+02   1.5072231e+00
   4.8686408e+02   1.5175696e+00
   5.0850296e+02   1.5348128e+00
   5.3132341e+02   1.5486196e+00
   5.4814470e+02   1.5601204e+00
   5.6734525e+02   1.5681875e+00
   5.8534812e+02   1.5762519e+00
   6.0694941e+02   1.5854707e+00
   6.2374386e+02   1.5912398e+00
   6.3934598e+02   1.5981525e+00
   6.5853580e+02   1.6039269e+00
   6.7292950e+02   1.6085443e+00
   6.9213542e+02   1.6177578e+00
   7.1610524e+02   1.6212502e+00
   7.3528969e+02   1.6258782e+00
   7.6166025e+02   1.6305223e+00
   7.8443775e+02   1.6351583e+00
   8.1198451e+02   1.6352197e+00
   8.2758127e+02   1.6409861e+00
   8.5035877e+02   1.6456222e+00
   8.7791628e+02   1.6479762e+00
   8.9231535e+02   1.6537399e+00
   9.1749359e+02   1.6595277e+00
   9.3667267e+02   1.6630094e+00
   9.6064249e+02   1.6665018e+00
   9.7862388e+02   1.6699808e+00
   9.9421527e+02   1.6746009e+00
   1.0157790e+03   1.6757953e+00
   1.0286648e+03   1.6781166e+00
   1.0424516e+03   1.6810132e+00
   1.0592273e+03   1.6827700e+00
   1.0736049e+03   1.6839484e+00
   1.0855871e+03   1.6851214e+00
   1.1017586e+03   1.6857306e+00
   1.1173338e+03   1.6869116e+00
   1.1353045e+03   1.6880980e+00
   1.1514732e+03   1.6881340e+00
   1.1742346e+03   1.6893310e+00
   1.1904088e+03   1.6905134e+00
   1.2071790e+03   1.6911239e+00
   1.2281493e+03   1.6934633e+00
   1.2592972e+03   1.6952521e+00
   1.2856543e+03   1.6970303e+00
   1.3024219e+03   1.6970677e+00
   1.3251779e+03   1.6971184e+00
   1.3503320e+03   1.6977475e+00
   1.3677038e+03   1.6989326e+00
   1.3892621e+03   1.6989806e+00
   1.4030355e+03   1.6990113e+00
   1.4257916e+03   1.6990619e+00
   1.4419603e+03   1.6990980e+00
   1.4593348e+03   1.7008562e+00
   1.4809039e+03   1.7031969e+00
   1.5042588e+03   1.7032489e+00
   1.5336074e+03   1.7044606e+00
   1.5539734e+03   1.7056523e+00
   1.5779218e+03   1.7045593e+00
   1.5988920e+03   1.7068986e+00
   1.6174642e+03   1.7086595e+00
   1.6384237e+03   1.7087062e+00
   1.6629816e+03   1.7099072e+00
   1.6863445e+03   1.7116788e+00
   1.7031121e+03   1.7117161e+00
   1.7246705e+03   1.7117641e+00
   1.7414381e+03   1.7118015e+00
   1.7731902e+03   1.7147380e+00
   1.7923612e+03   1.7165002e+00
   1.8175153e+03   1.7171294e+00
   1.8402740e+03   1.7177532e+00
   1.8534458e+03   1.7172094e+00
   1.8854973e+03   1.7201466e+00
   1.9358109e+03   1.7225514e+00
   1.9741261e+03   1.7203440e+00
   1.9888004e+03   1.7209499e+00
   2.0007746e+03   1.7204034e+00
   2.0127514e+03   1.7204301e+00
   2.0127541e+03   1.7210032e+00
   2.0001999e+03   1.7255606e+00
   1.9882177e+03   1.7243876e+00
   1.9738455e+03   1.7243556e+00
   1.8528738e+03   1.7229398e+00
   1.8396993e+03   1.7229105e+00
   1.8175341e+03   1.7211416e+00
   1.7917838e+03   1.7210843e+00
   1.7235104e+03   1.7197859e+00
   1.6863741e+03   1.7179837e+00
   1.6624016e+03   1.7139181e+00
   1.6378383e+03   1.7115707e+00
   1.6174776e+03   1.7115254e+00
   1.5983093e+03   1.7103363e+00
   1.5773417e+03   1.7085701e+00
   1.5539869e+03   1.7085181e+00
   1.5330193e+03   1.7067519e+00
   1.5036760e+03   1.7066866e+00
   1.4803211e+03   1.7066346e+00
   1.4587628e+03   1.7065865e+00
   1.4413856e+03   1.7042552e+00
   1.4252115e+03   1.7030728e+00
   1.4024635e+03   1.7047417e+00
   1.3886875e+03   1.7041378e+00
   1.3677280e+03   1.7040911e+00
   1.3503535e+03   1.7023329e+00
   1.3251994e+03   1.7017037e+00
   1.3018445e+03   1.7016517e+00
   1.2850796e+03   1.7021876e+00
   1.2593186e+03   1.6998375e+00
   1.2281788e+03   1.6997682e+00
   1.2066070e+03   1.6968543e+00
   1.1898341e+03   1.6956706e+00
   1.1736653e+03   1.6956346e+00
   1.1514974e+03   1.6932925e+00
   1.1347298e+03   1.6932552e+00
   1.1173687e+03   1.6943629e+00
   1.1011812e+03   1.6903146e+00
   1.0850071e+03   1.6891323e+00
   1.0724314e+03   1.6891043e+00
   1.0592488e+03   1.6873554e+00
   1.0418823e+03   1.6873167e+00
   1.0274994e+03   1.6849920e+00
   1.0155064e+03   1.6815263e+00
   9.9334922e+02   1.6814770e+00
   9.7776857e+02   1.6791496e+00
   9.6039139e+02   1.6768182e+00
   9.3522657e+02   1.6738964e+00
   9.1664902e+02   1.6709891e+00
   8.9206157e+02   1.6634832e+00
   8.7588207e+02   1.6611545e+00
   8.4712420e+02   1.6582246e+00
   8.2675549e+02   1.6564598e+00
   8.1118021e+02   1.6552787e+00
   7.8421349e+02   1.6512065e+00
   7.6024099e+02   1.6471410e+00
   7.3446390e+02   1.6413519e+00
   7.1530094e+02   1.6413092e+00
   6.9252612e+02   1.6372463e+00
   6.7155588e+02   1.6349069e+00
   6.5657139e+02   1.6320077e+00
   6.3080504e+02   1.6285113e+00
   6.1163134e+02   1.6261760e+00
   5.9123847e+02   1.6192526e+00
   5.7146055e+02   1.6157695e+00
   5.5886337e+02   1.6111561e+00
   5.4087930e+02   1.6071039e+00
   5.2169754e+02   1.6030490e+00
   5.0430694e+02   1.5978518e+00
   4.8511712e+02   1.5920774e+00
   4.6113388e+02   1.5857191e+00
   4.4972097e+02   1.5782425e+00
   4.3832148e+02   1.5736318e+00
   4.2271935e+02   1.5667190e+00
   4.1431945e+02   1.5632613e+00
   4.0591417e+02   1.5586573e+00
   3.9331431e+02   1.5534707e+00
   3.8191482e+02   1.5488600e+00
   3.7051534e+02   1.5442493e+00
   3.6210738e+02   1.5390720e+00
   3.4949409e+02   1.5310196e+00
   3.3989113e+02   1.5264129e+00
   3.2967859e+02   1.5195121e+00
   3.2065568e+02   1.5108945e+00
   3.1163546e+02   1.5028501e+00
   3.0141486e+02   1.4942299e+00
   2.9300690e+02   1.4890526e+00
   2.8517899e+02   1.4798645e+00
   2.7676298e+02   1.4729678e+00
   2.6834160e+02   1.4649247e+00
   2.5811563e+02   1.4551581e+00
   2.4908467e+02   1.4448210e+00
   2.3826523e+02   1.4361994e+00
   2.2983043e+02   1.4252904e+00
   2.2020062e+02   1.4149520e+00
   2.1477882e+02   1.4080619e+00
   2.0993707e+02   1.3971609e+00
   2.0328806e+02   1.3839633e+00
   1.9545747e+02   1.3742020e+00
   1.9002224e+02   1.3644461e+00
   1.8098591e+02   1.3529626e+00
   1.7615758e+02   1.3449275e+00
   1.6951931e+02   1.3340226e+00
   1.6255476e+02   1.3173852e+00
   1.5525053e+02   1.2921496e+00
   1.5036315e+02   1.2715047e+00
   1.3824670e+02   1.2416730e+00
   1.2856857e+02   1.2210175e+00
   1.1886896e+02   1.1957765e+00
   1.1397084e+02   1.1728390e+00
   1.0913715e+02   1.1636575e+00
   1.0661292e+02   1.1361399e+00
   9.6913312e+01   1.1108990e+00
   9.1972236e+01   1.0787906e+00
   8.4689480e+01   1.0581404e+00
   7.7353032e+01   1.0260267e+00
   7.4818066e+01   9.9621638e-01
   6.9876989e+01   9.6410803e-01
   6.2562018e+01   9.3657973e-01
   6.0037790e+01   9.0906210e-01
   5.2658390e+01   8.6777766e-01
   5.2508056e+01   8.3567998e-01
   4.7545504e+01   7.9898625e-01
   4.5032013e+01   7.7376131e-01
   3.5289457e+01   7.3934960e-01
   3.5139123e+01   7.0725193e-01
   2.7834890e+01   6.8201632e-01
   2.2883076e+01   6.4761528e-01
   2.2743480e+01   6.1781029e-01
   1.3022400e+01   5.8798397e-01
   1.2861328e+01   5.5359360e-01
   1.0315623e+01   5.2149059e-01
   5.3745464e+00   4.8938224e-01
   2.8181033e+00   4.5498654e-01
   2.8313639e-01   4.2517622e-01
  -2.2518305e+00   3.9536590e-01
  -7.1606922e+00   3.7013562e-01
  -9.7278735e+00   3.3344723e-01
  -1.7139488e+01   2.8528471e-01
  -1.9728145e+01   2.4401093e-01
  -2.7107545e+01   2.0272648e-01
  -2.9642512e+01   1.7291616e-01
  -3.2744107e+01   1.4998258e-01
  -3.4016960e+01   1.3393108e-01
  -3.2937394e+01   1.0871414e-01
  -3.6637832e+01   8.5779225e-02
  -4.0354377e+01   5.9405273e-02
  -4.4038708e+01   3.9909395e-02
  -4.6519984e+01   2.1562531e-02
  -4.7471939e+01   1.0097074e-02
  -4.8715261e+01   3.5046879e-04
  -4.9357057e+01  -8.8216298e-03
  -4.8643402e+01  -1.6271209e-02
