  -4.8643402e+01
  -4.8493691e+01
  -3.2929148e+01
  -1.6150812e+01
   6.7047626e-01
   1.1514075e+01
   2.1165357e+01
   2.8415900e+01
   3.2084123e+01
   3.6944663e+01
   4.5425105e+01
   4.7938596e+01
   5.2825982e+01
   5.8921791e+01
   6.3819914e+01
   6.8723407e+01
   7.4797740e+01
   7.7300492e+01
   7.9819352e+01
   8.4733583e+01
   8.8434021e+01
   9.2123721e+01
   9.4642580e+01
   9.5963754e+01
   1.0453010e+02
   1.0944433e+02
   1.1558846e+02
   1.2414407e+02
   1.2665219e+02
   1.3036874e+02
   1.3529371e+02
   1.4144858e+02
   1.4516512e+02
   1.5010083e+02
   1.5502043e+02
   1.5874234e+02
   1.6608953e+02
   1.7220145e+02
   1.7835631e+02
   1.8324907e+02
   1.8938246e+02
   1.9672428e+02
   2.0402851e+02
   2.1256264e+02
   2.1986688e+02
   2.2596268e+02
   2.3206386e+02
   2.3696736e+02
   2.4667233e+02
   2.5398730e+02
   2.6008848e+02
   2.6976124e+02
   2.7706547e+02
   2.8435360e+02
   2.9763552e+02
   3.0493975e+02
   3.1579946e+02
   3.2549369e+02
   3.3635340e+02
   3.4603153e+02
   3.5689123e+02
   3.7137084e+02
   3.8344434e+02
   4.0389090e+02
   4.1833829e+02
   4.3396726e+02
   4.5081003e+02
   4.7364122e+02
   4.8686408e+02
   5.0850296e+02
   5.3132341e+02
   5.4814470e+02
   5.6734525e+02
   5.8534812e+02
   6.0694941e+02
   6.2374386e+02
   6.3934598e+02
   6.5853580e+02
   6.7292950e+02
   6.9213542e+02
   7.1610524e+02
   7.3528969e+02
   7.6166025e+02
   7.8443775e+02
   8.1198451e+02
   8.2758127e+02
   8.5035877e+02
   8.7791628e+02
   8.9231535e+02
   9.1749359e+02
   9.3667267e+02
   9.6064249e+02
   9.7862388e+02
   9.9421527e+02
   1.0157790e+03
   1.0286648e+03
   1.0424516e+03
   1.0592273e+03
   1.0736049e+03
   1.0855871e+03
   1.1017586e+03
   1.1173338e+03
   1.1353045e+03
   1.1514732e+03
   1.1742346e+03
   1.1904088e+03
   1.2071790e+03
   1.2281493e+03
   1.2592972e+03
   1.2856543e+03
   1.3024219e+03
   1.3251779e+03
   1.3503320e+03
   1.3677038e+03
   1.3892621e+03
   1.4030355e+03
   1.4257916e+03
   1.4419603e+03
   1.4593348e+03
   1.4809039e+03
   1.5042588e+03
   1.5336074e+03
   1.5539734e+03
   1.5779218e+03
   1.5988920e+03
   1.6174642e+03
   1.6384237e+03
   1.6629816e+03
   1.6863445e+03
   1.7031121e+03
   1.7246705e+03
   1.7414381e+03
   1.7731902e+03
   1.7923612e+03
   1.8175153e+03
   1.8402740e+03
   1.8534458e+03
   1.8854973e+03
   1.9358109e+03
   1.9741261e+03
   1.9888004e+03
   2.0007746e+03
   2.0127514e+03
   2.0127541e+03
   2.0001999e+03
   1.9882177e+03
   1.9738455e+03
   1.8528738e+03
   1.8396993e+03
   1.8175341e+03
   1.7917838e+03
   1.7235104e+03
   1.6863741e+03
   1.6624016e+03
   1.6378383e+03
   1.6174776e+03
   1.5983093e+03
   1.5773417e+03
   1.5539869e+03
   1.5330193e+03
   1.5036760e+03
   1.4803211e+03
   1.4587628e+03
   1.4413856e+03
   1.4252115e+03
   1.4024635e+03
   1.3886875e+03
   1.3677280e+03
   1.3503535e+03
   1.3251994e+03
   1.3018445e+03
   1.2850796e+03
   1.2593186e+03
   1.2281788e+03
   1.2066070e+03
   1.1898341e+03
   1.1736653e+03
   1.1514974e+03
   1.1347298e+03
   1.1173687e+03
   1.1011812e+03
   1.0850071e+03
   1.0724314e+03
   1.0592488e+03
   1.0418823e+03
   1.0274994e+03
   1.0155064e+03
   9.9334922e+02
   9.7776857e+02
   9.6039139e+02
   9.3522657e+02
   9.1664902e+02
   8.9206157e+02
   8.7588207e+02
   8.4712420e+02
   8.2675549e+02
   8.1118021e+02
   7.8421349e+02
   7.6024099e+02
   7.3446390e+02
   7.1530094e+02
   6.9252612e+02
   6.7155588e+02
   6.5657139e+02
   6.3080504e+02
   6.1163134e+02
   5.9123847e+02
   5.7146055e+02
   5.5886337e+02
   5.4087930e+02
   5.2169754e+02
   5.0430694e+02
   4.8511712e+02
   4.6113388e+02
   4.4972097e+02
   4.3832148e+02
   4.2271935e+02
   4.1431945e+02
   4.0591417e+02
   3.9331431e+02
   3.8191482e+02
   3.7051534e+02
   3.6210738e+02
   3.4949409e+02
   3.3989113e+02
   3.2967859e+02
   3.2065568e+02
   3.1163546e+02
   3.0141486e+02
   2.9300690e+02
   2.8517899e+02
   2.7676298e+02
   2.6834160e+02
   2.5811563e+02
   2.4908467e+02
   2.3826523e+02
   2.2983043e+02
   2.2020062e+02
   2.1477882e+02
   2.0993707e+02
   2.0328806e+02
   1.9545747e+02
   1.9002224e+02
   1.8098591e+02
   1.7615758e+02
   1.6951931e+02
   1.6255476e+02
   1.5525053e+02
   1.5036315e+02
   1.3824670e+02
   1.2856857e+02
   1.1886896e+02
   1.1397084e+02
   1.0913715e+02
   1.0661292e+02
   9.6913312e+01
   9.1972236e+01
   8.4689480e+01
   7.7353032e+01
   7.4818066e+01
   6.9876989e+01
   6.2562018e+01
   6.0037790e+01
   5.2658390e+01
   5.2508056e+01
   4.7545504e+01
   4.5032013e+01
   3.5289457e+01
   3.5139123e+01
   2.7834890e+01
   2.2883076e+01
   2.2743480e+01
   1.3022400e+01
   1.2861328e+01
   1.0315623e+01
   5.3745464e+00
   2.8181033e+00
   2.8313639e-01
  -2.2518305e+00
  -7.1606922e+00
  -9.7278735e+00
  -1.7139488e+01
  -1.9728145e+01
  -2.7107545e+01
  -2.9642512e+01
  -3.2744107e+01
  -3.4016960e+01
  -3.2937394e+01
  -3.6637832e+01
  -4.0354377e+01
  -4.4038708e+01
  -4.6519984e+01
  -4.7471939e+01
  -4.8715261e+01
  -4.9357057e+01
  -4.8643402e+01
