   1.7104704000000001e-01   3.7559716999999998e-01   5.8280343000000001e-01   7.7694697999999995e-01   9.6991664000000000e-01   1.1430098000000000e+00   1.2189576000000000e+00
   1.6871488000000001e-01   3.7202060999999997e-01   5.7900127000000001e-01   7.7223025000000001e-01   9.6410251999999996e-01   1.1342137000000001e+00   1.2019511000000001e+00
   1.6629596999999999e-01   3.6831624000000002e-01   5.7489424000000000e-01   7.6720043000000004e-01   9.5740806000000001e-01   1.1246449999999999e+00   1.1843477000000000e+00
   1.6343996000000000e-01   3.6441273000000002e-01   5.7034211999999995e-01   7.6170099999999996e-01   9.5009498999999997e-01   1.1141070000000000e+00   1.1658659000000000e+00
   1.6026815999999999e-01   3.6021623000000003e-01   5.6529384000000005e-01   7.5556133999999997e-01   9.4247210000000003e-01   1.1028192000000001e+00   1.1464460000000001e+00
   1.5718823000000001e-01   3.5565722999999999e-01   5.5982717000000004e-01   7.4880497999999995e-01   9.3440469000000004e-01   1.0910500999999999e+00   1.1262234000000000e+00
   1.5435271000000000e-01   3.5089843999999998e-01   5.5414134999999998e-01   7.4163601000000001e-01   9.2553797999999998e-01   1.0787661000000000e+00   1.1054134000000000e+00
   1.5139871999999999e-01   3.4608619000000002e-01   5.4824284999999995e-01   7.3417602999999998e-01   9.1584259000000001e-01   1.0656952000000000e+00   1.0840924000000001e+00
   1.4798591999999999e-01   3.4106394000000001e-01   5.4190722999999996e-01   7.2627911999999994e-01   9.0562606999999995e-01   1.0516413000000000e+00   1.0619892000000000e+00
   1.4432006999999999e-01   3.3576660000000003e-01   5.3508080999999996e-01   7.1773544000000000e-01   8.9511834999999995e-01   1.0368010999999999e+00   1.0390689000000000e+00
   1.4083245000000000e-01   3.3015045999999998e-01   5.2793075000000000e-01   7.0861419000000003e-01   8.8416360999999999e-01   1.0214837999999999e+00   1.0154083000000000e+00
   1.3756579999999999e-01   3.2433943999999998e-01   5.2058084999999998e-01   6.9914584000000002e-01   8.7247085999999996e-01   1.0056901000000000e+00   9.9115200000000003e-01
   1.3415758000000000e-01   3.1844341999999998e-01   5.1298010999999999e-01   6.8943677000000003e-01   8.5997714000000003e-01   9.8920408000000004e-01   9.6639956999999999e-01
   1.3031012000000000e-01   3.1233332000000003e-01   5.0499225000000003e-01   6.7930524000000003e-01   8.4692051999999995e-01   9.7175085999999999e-01   9.4099305000000000e-01
   1.2621866000000001e-01   3.0595194999999997e-01   4.9657957000000003e-01   6.6856850999999995e-01   8.3362124999999998e-01   9.5352150000000002e-01   9.1488343999999999e-01
   1.2222486000000000e-01   2.9930768000000002e-01   4.8784176000000001e-01   6.5730316000000000e-01   8.1989993000000005e-01   9.3495282999999996e-01   8.8815266999999998e-01
   1.1844726000000000e-01   2.9252665999999999e-01   4.7890547000000000e-01   6.4571546999999996e-01   8.0540677999999999e-01   9.1600795000000002e-01   8.6098079000000005e-01
   1.1461317000000000e-01   2.8566750000000002e-01   4.6975742999999998e-01   6.3389466000000005e-01   7.9016070000000005e-01   8.9633163999999999e-01   8.3338725999999996e-01
   1.1040469000000000e-01   2.7859811000000001e-01   4.6019484999999999e-01   6.2165875000000004e-01   7.7437049999999996e-01   8.7569662000000004e-01   8.0514744999999999e-01
   1.0594594000000000e-01   2.7124398000000000e-01   4.5019704999999999e-01   6.0890069999999996e-01   7.5836329000000002e-01   8.5438877999999996e-01   7.7623534000000005e-01
   1.0158668000000000e-01   2.6366940999999999e-01   4.3998291000000000e-01   5.9563065999999998e-01   7.4204890000000001e-01   8.3279871999999999e-01   7.4684863000000001e-01
   9.7496039000000007e-02   2.5601848999999999e-01   4.2966734000000001e-01   5.8203579999999999e-01   7.2505664000000003e-01   8.1086464999999996e-01   7.1711236000000000e-01
   9.3339431000000000e-02   2.4833130000000000e-01   4.1910678000000001e-01   5.6828361999999999e-01   7.0737791999999999e-01   7.8831799000000002e-01   6.8697469000000000e-01
   8.8787099999999994e-02   2.4048289000000000e-01   4.0816606000000000e-01   5.5421672000000000e-01   6.8928250000000002e-01   7.6497086000000003e-01   6.5630348999999999e-01
   8.4019117000000004e-02   2.3235480000000000e-01   3.9691495999999998e-01   5.3965406000000005e-01   6.7106787999999995e-01   7.4102427000000004e-01   6.2514382999999996e-01
   7.9427743999999995e-02   2.2398602000000001e-01   3.8547135999999999e-01   5.2459798999999996e-01   6.5252469999999996e-01   7.1680885999999999e-01   5.9355888000000001e-01
   7.5062921000000005e-02   2.1558641000000001e-01   3.7388128999999998e-01   5.0928154999999997e-01   6.3327995999999998e-01   6.9229068000000005e-01   5.6165518999999997e-01
   7.0615115000000006e-02   2.0719783999999999e-01   3.6203922999999999e-01   4.9381715999999998e-01   6.1342041999999997e-01   6.6726355000000004e-01   5.2954579999999996e-01
   6.5831254000000006e-02   1.9864375000000001e-01   3.4989984000000002e-01   4.7805335999999998e-01   5.9321544000000004e-01   6.4156652999999997e-01   4.9703130000000001e-01
   6.0835532999999997e-02   1.8985645000000001e-01   3.3746350000000003e-01   4.6186841000000001e-01   5.7288667000000004e-01   6.1536234999999995e-01   4.6407998000000000e-01
   5.5989231000000000e-02   1.8084747000000001e-01   3.2483271000000002e-01   4.4527805999999998e-01   5.5230913000000004e-01   5.8899363000000005e-01   4.3077839000000001e-01
   5.1426804999999999e-02   1.7178835000000001e-01   3.1209912000000001e-01   4.2847543999999999e-01   5.3119530999999998e-01   5.6243215000000002e-01   3.9723425000000001e-01
   4.6853867000000000e-02   1.6273044000000000e-01   2.9920790000000003e-01   4.1155777999999998e-01   5.0951234999999995e-01   5.3547491999999997e-01   3.6361114999999999e-01
   4.1915940999999998e-02   1.5352890999999999e-01   2.8598811000000002e-01   3.9441996000000001e-01   4.8754961000000002e-01   5.0795228000000003e-01   3.2971279999999997e-01
   3.6774029000000000e-02   1.4420793000000001e-01   2.7249751999999999e-01   3.7688654999999999e-01   4.6565085000000001e-01   4.7993037000000000e-01   2.9541551999999999e-01
   3.1786264000000002e-02   1.3475741999999999e-01   2.5894126000000001e-01   3.5897814000000000e-01   4.4359713000000001e-01   4.5186792999999997e-01   2.6089520999999999e-01
   2.7051306000000001e-02   1.2524267000000000e-01   2.4534476000000000e-01   3.4096899000000003e-01   4.2100795000000002e-01   4.2381560000000001e-01   2.2634999000000000e-01
   2.2297127000000000e-02   1.1576538000000000e-01   2.3159862000000001e-01   3.2293696999999999e-01   3.9792551999999998e-01   3.9538746000000002e-01   1.9177862000000001e-01
   1.7182090000000001e-02   1.0620619000000001e-01   2.1754276000000000e-01   3.0471389999999998e-01   3.7461029000000001e-01   3.6643548999999997e-01   1.5698771000000000e-01
   1.1846636000000001e-02   9.6524570000000004e-02   2.0326820000000001e-01   2.8613022999999999e-01   3.5132924999999998e-01   3.3720981000000000e-01   1.2193059000000001e-01
   6.7060938000000000e-03   8.6672574000000002e-02   1.8895514999999999e-01   2.6719908999999997e-01   3.2800729000000001e-01   3.0805347000000000e-01   8.6800624000000007e-02
   1.9585506000000001e-03   7.6794398999999999e-02   1.7470886999999999e-01   2.4820865000000000e-01   3.0427251999999999e-01   2.7888006999999998e-01   5.1771614000000001e-02
  -2.7502007999999998e-03   6.7021122000000002e-02   1.6039296000000000e-01   2.2925438000000001e-01   2.8008314000000001e-01   2.4942521000000001e-01   1.6756733999999999e-02
  -7.8337502999999992e-03   5.7138572999999998e-02   1.4580450000000000e-01   2.1015199000000001e-01   2.5572251000000001e-01   2.1960356000000000e-01  -1.8393551000000001e-02
  -1.3147710999999999e-02   4.7175105000000002e-02   1.3103550999999999e-01   1.9080205000000000e-01   2.3152448000000000e-01   1.8955409000000001e-01  -5.3672540999999997e-02
  -1.8268179999999998e-02   3.7179090999999997e-02   1.1626813000000000e-01   1.7121807999999999e-01   2.0738920000000000e-01   1.5961908999999999e-01  -8.8927566999999999e-02
  -2.2999478000000000e-02   2.7199016999999999e-02   1.0153565000000001e-01   1.5160228000000001e-01   1.8289501999999999e-01   1.2986754000000000e-01  -1.2393582000000000e-01
  -2.7698235000000002e-02   1.7297870000000000e-02   8.6733927000000002e-02   1.3208876000000000e-01   1.5801660000000001e-01   9.9970408999999996e-02  -1.5875956999999999e-01
  -3.2702395000000002e-02   7.3669251999999999e-03   7.1718791000000004e-02   1.1251139000000000e-01   1.3310241000000000e-01   6.9706121999999995e-02  -1.9359351999999999e-01
  -3.7881663000000003e-02  -2.6625740000000000e-03   5.6561399999999998e-02   9.2668128000000002e-02   1.0841173000000000e-01   3.9272062000000003e-02  -2.2844058000000000e-01
  -4.2889666999999999e-02  -1.2778283000000000e-02   4.1460627999999999e-02   7.2652673000000001e-02   8.3772335000000003e-02   9.0851856999999998e-03  -2.6320796000000002e-01
  -4.7525263999999998e-02  -2.2810919999999998e-02   2.6467823000000001e-02   5.2679246999999998e-02   5.8837088000000003e-02  -2.0845956999999998e-02  -2.9764756999999997e-01
  -5.2122420000000003e-02  -3.2681445000000003e-02   1.1519794999999999e-02   3.2843267000000002e-02   3.3566590000000000e-02  -5.0774299000000002e-02  -3.3176085999999999e-01
  -5.7023843999999997e-02  -4.2551099000000002e-02  -3.5629985000000001e-03   1.3074166000000000e-02   8.3401085000000003e-03  -8.0967322999999994e-02  -3.6578769999999999e-01
  -6.2067532000000002e-02  -5.2511337999999998e-02  -1.8794986999999999e-02  -6.8379006000000003e-03  -1.6511070999999999e-02  -1.1126981000000000e-01  -3.9972392000000001e-01
  -6.6866735999999996e-02  -6.2539874999999995e-02  -3.3924045999999999e-02  -2.6974287999999999e-02  -4.1206083999999997e-02  -1.4120648000000000e-01  -4.3344324000000001e-01
  -7.1257047000000004e-02  -7.2497640000000002e-02  -4.8817471000000001e-02  -4.7060721999999999e-02  -6.6144713999999993e-02  -1.7084653000000000e-01  -4.6676187000000002e-01
  -7.5629641999999997e-02  -8.2307265000000004e-02  -6.3677525999999998e-02  -6.6854374999999994e-02  -9.1270831999999996e-02  -2.0045741000000000e-01  -4.9966016000000002e-01
  -8.0328364999999999e-02  -9.2041604999999999e-02  -7.8688585000000005e-02  -8.6529822000000006e-02  -1.1627970999999999e-01  -2.3016094000000001e-01  -5.3224932999999996e-01
  -8.5144449999999997e-02  -1.0174929000000001e-01  -9.3750078000000001e-02  -1.0634434000000000e-01  -1.4093299000000001e-01  -2.5981947000000000e-01  -5.6466870999999996e-01
  -8.9670257000000003e-02  -1.1149086000000000e-01  -1.0864517999999999e-01  -1.2624030999999999e-01  -1.6527707999999999e-01  -2.8906063999999998e-01  -5.9683032000000003e-01
  -9.3838981000000002e-02  -1.2109960000000000e-01  -1.2329410000000000e-01  -1.4597645000000001e-01  -1.8971560000000001e-01  -3.1786838000000001e-01  -6.2844798000000002e-01
  -9.7992196000000004e-02  -1.3049859000000000e-01  -1.3784040000000000e-01  -1.6542208000000000e-01  -2.1438615999999999e-01  -3.4657269000000002e-01  -6.5957900999999997e-01
  -1.0238520000000000e-01  -1.3982991000000000e-01  -1.5247590999999999e-01  -1.8474910999999999e-01  -2.3890511000000000e-01  -3.7528451000000002e-01  -6.9036704000000004e-01
  -1.0689872000000000e-01  -1.4913369000000001e-01  -1.6715769999999999e-01  -2.0416878999999999e-01  -2.6292661000000001e-01  -4.0381435999999998e-01  -7.2083043999999996e-01
  -1.1112503999999999e-01  -1.5844136000000000e-01  -1.8167262000000001e-01  -2.2357409000000000e-01  -2.8660840999999998e-01  -4.3188865999999998e-01  -7.5085762000000000e-01
  -1.1491063000000000e-01  -1.6762498000000001e-01  -1.9589645000000000e-01  -2.4275330000000001e-01  -3.1039018000000002e-01  -4.5944593000000000e-01  -7.8026910000000005e-01
  -1.1868598000000000e-01  -1.7661996999999999e-01  -2.0994208000000000e-01  -2.6158797000000000e-01  -3.3426834999999999e-01  -4.8672989000000000e-01  -8.0911440999999995e-01
  -1.2279167000000001e-01  -1.8552141999999999e-01  -2.2404720000000000e-01  -2.8021096000000001e-01  -3.5783196000000000e-01  -5.1394245000000005e-01  -8.3749845000000001e-01
  -1.2695869000000001e-01  -1.9432094999999999e-01  -2.3813632000000001e-01  -2.9886359000000001e-01  -3.8081619999999999e-01  -5.4096984999999997e-01  -8.6548864999999997e-01
  -1.3084022000000001e-01  -2.0308143000000001e-01  -2.5200612999999999e-01  -3.1746012000000001e-01  -4.0339371000000002e-01  -5.6744625000000004e-01  -8.9298873000000001e-01
  -1.3434721999999999e-01  -2.1171002999999999e-01  -2.6557028999999999e-01  -3.3573628000000000e-01  -4.2592782000000001e-01  -5.9331820000000002e-01  -9.1973822000000005e-01
  -1.3777863000000001e-01  -2.2003808000000000e-01  -2.7888329000000001e-01  -3.5358321999999998e-01  -4.4849715000000001e-01  -6.1889320000000003e-01  -9.4585439000000004e-01
  -1.4146380000000000e-01  -2.2823394000000000e-01  -2.9212217000000001e-01  -3.7116755000000001e-01  -4.7076895000000002e-01  -6.4434915000000004e-01  -9.7148073000000001e-01
  -1.4521237000000001e-01  -2.3636134000000000e-01  -3.0534108999999998e-01  -3.8869519000000002e-01  -4.9242979999999997e-01  -6.6956311000000002e-01  -9.9664403999999995e-01
  -1.4868749000000001e-01  -2.4441884000000000e-01  -3.1835722999999999e-01  -4.0612179999999998e-01  -5.1360349000000005e-01  -6.9412850999999998e-01  -1.0212595000000000e+00
  -1.5173737000000001e-01  -2.5235864000000002e-01  -3.3099476000000000e-01  -4.2323970999999999e-01  -5.3465622999999995e-01  -7.1800151000000001e-01  -1.0450398000000001e+00
  -1.5465161999999999e-01  -2.6004494000000000e-01  -3.4336135000000001e-01  -4.3989899999999998e-01  -5.5571230999999999e-01  -7.4153663000000003e-01  -1.0680444000000000e+00
  -1.5781080000000000e-01  -2.6750580000000002e-01  -3.5564807999999998e-01  -4.5622242000000002e-01  -5.7637771000000004e-01  -7.6481882999999995e-01  -1.0904412000000001e+00
  -1.6111048000000000e-01  -2.7486179999999999e-01  -3.6784778000000001e-01  -4.7241200000000000e-01  -5.9628658000000001e-01  -7.8773304000000000e-01  -1.1122475999999999e+00
  -1.6412136999999999e-01  -2.8217164000000000e-01  -3.7977747000000001e-01  -4.8852018000000003e-01  -6.1571589000000004e-01  -8.0998745000000005e-01  -1.1333884000000001e+00
  -1.6668725000000001e-01  -2.8921860999999999e-01  -3.9131777000000001e-01  -5.0431302000000000e-01  -6.3501953000000000e-01  -8.3151558999999997e-01  -1.1536236000000000e+00
  -1.6918605000000000e-01  -2.9593696000000003e-01  -4.0256895999999998e-01  -5.1952246999999996e-01  -6.5421558999999996e-01  -8.5258723999999997e-01  -1.1729712999999999e+00
  -1.7187090999999999e-01  -3.0251689999999998e-01  -4.1366225000000001e-01  -5.3429448999999996e-01  -6.7297233999999995e-01  -8.7334550000000000e-01  -1.1917287000000001e+00
  -1.7462681999999999e-01  -3.0897383000000000e-01  -4.2458691999999998e-01  -5.4892828000000005e-01  -6.9095662999999996e-01  -8.9372065000000001e-01  -1.2099001000000000e+00
  -1.7705809000000000e-01  -3.1529121999999998e-01  -4.3522745000000002e-01  -5.6340760999999995e-01  -7.0834280999999999e-01  -9.1330913999999996e-01  -1.2273582000000001e+00
  -1.7900983000000001e-01  -3.2136643999999998e-01  -4.4541855000000002e-01  -5.7746076999999996e-01  -7.2554717999999996e-01  -9.3210510000000002e-01  -1.2439058999999999e+00
  -1.8088174000000001e-01  -3.2711317000000001e-01  -4.5524695999999998e-01  -5.9097854000000005e-01  -7.4262474000000001e-01  -9.5048860999999996e-01  -1.2595329000000000e+00
  -1.8300058000000000e-01  -3.3270024999999998e-01  -4.6497202999999998e-01  -6.0405852000000004e-01  -7.5916804000000004e-01  -9.6852921000000003e-01  -1.2744692000000000e+00
  -1.8521283999999999e-01  -3.3813302000000001e-01  -4.7452738999999999e-01  -6.1690531999999998e-01  -7.7491200999999998e-01  -9.8603819000000004e-01  -1.2887481000000001e+00
  -1.8707694000000000e-01  -3.4343613000000001e-01  -4.8371060999999999e-01  -6.2953524999999999e-01  -7.9001173999999996e-01  -1.0027499000000000e+00  -1.3022917000000001e+00
  -1.8844019000000001e-01  -3.4854042000000002e-01  -4.9244499000000003e-01  -6.4168144999999999e-01  -8.0481395000000000e-01  -1.0186847999999999e+00  -1.3148234999999999e+00
  -1.8976325999999999e-01  -3.5326362000000000e-01  -5.0083264999999999e-01  -6.5324784000000002e-01  -8.1948483999999999e-01  -1.0340183999999999e+00  -1.3263786000000000e+00
  -1.9135752000000000e-01  -3.5770446000000000e-01  -5.0902307000000002e-01  -6.6436585000000004e-01  -8.3365336999999995e-01  -1.0489337000000001e+00  -1.3372527000000001e+00
  -1.9296948000000000e-01  -3.6197448999999998e-01  -5.1698723999999996e-01  -6.7523844000000000e-01  -8.4689811999999998e-01  -1.0633494999999999e+00  -1.3474562999999999e+00
  -1.9423987000000001e-01  -3.6613368000000002e-01  -5.2459765000000003e-01  -6.8584869999999998e-01  -8.5942079000000005e-01  -1.0768764000000000e+00  -1.3568081000000001e+00
  -1.9501906999999999e-01  -3.7003818999999999e-01  -5.3174083999999999e-01  -6.9591459000000000e-01  -8.7161840999999995e-01  -1.0895163000000001e+00  -1.3651002000000001e+00
  -1.9569313999999999e-01  -3.7361090000000002e-01  -5.3853107000000000e-01  -7.0534322000000005e-01  -8.8359394999999996e-01  -1.1015737999999999e+00  -1.3723917999999999e+00
  -1.9664941999999999e-01  -3.7698981999999998e-01  -5.4506164000000001e-01  -7.1430318000000004e-01  -8.9500663999999996e-01  -1.1132133000000000e+00  -1.3788511999999999e+00
  -1.9767493999999999e-01  -3.8015698999999997e-01  -5.5135131999999998e-01  -7.2296477999999997e-01  -9.0553636000000004e-01  -1.1242189000000000e+00  -1.3844573000000000e+00
  -1.9829738999999999e-01  -3.8314221999999998e-01  -5.5730153000000004e-01  -7.3130552000000004e-01  -9.1539839999999995e-01  -1.1343173000000000e+00  -1.3891016000000000e+00
  -1.9846597999999999e-01  -3.8588967000000002e-01  -5.6267785999999997e-01  -7.3907871999999997e-01  -9.2487353000000005e-01  -1.1435424000000001e+00  -1.3925487000000001e+00
  -1.9859729000000001e-01  -3.8823398999999997e-01  -5.6763951000000001e-01  -7.4617155999999996e-01  -9.3403659999999999e-01  -1.1520705000000000e+00  -1.3947898000000001e+00
  -1.9887247999999999e-01  -3.9030333000000000e-01  -5.7237059999999995e-01  -7.5274242000000002e-01  -9.4263222999999996e-01  -1.1601136000000001e+00  -1.3960150000000000e+00
  -1.9918458999999999e-01  -3.9219205000000001e-01  -5.7686238000000001e-01  -7.5900544000000003e-01  -9.5029861999999998e-01  -1.1675195000000000e+00  -1.3961961000000001e+00
  -1.9917828000000001e-01  -3.9392033999999998e-01  -5.8102672000000000e-01  -7.6500232000000001e-01  -9.5719617000000001e-01  -1.1739169000000000e+00  -1.3953578000000000e+00
  -1.9874338000000000e-01  -3.9542902000000002e-01  -5.8464674999999999e-01  -7.7046669000000001e-01  -9.6367829999999999e-01  -1.1793549000000001e+00  -1.3935430000000000e+00
  -1.9826383000000000e-01  -3.9657411999999997e-01  -5.8779376000000005e-01  -7.7518522000000001e-01  -9.6979040999999999e-01  -1.1841153000000000e+00  -1.3908642000000000e+00
  -1.9795720000000000e-01  -3.9746035000000002e-01  -5.9066732000000000e-01  -7.7936033000000005e-01  -9.7527602000000002e-01  -1.1883446000000000e+00  -1.3875952000000000e+00
  -1.9771021000000000e-01  -3.9815117999999999e-01  -5.9329202999999997e-01  -7.8320674999999995e-01  -9.7986898000000000e-01  -1.1919265999999999e+00  -1.3837727000000000e+00
  -1.9712734000000001e-01  -3.9868417000000000e-01  -5.9553624999999999e-01  -7.8673530999999997e-01  -9.8373314999999995e-01  -1.1945125000000001e+00  -1.3792799000000000e+00
  -1.9607242999999999e-01  -3.9895900000000001e-01  -5.9724425000000003e-01  -7.8971537999999997e-01  -9.8717365000000001e-01  -1.1960850999999999e+00  -1.3739706000000000e+00
  -1.9489418000000000e-01  -3.9882683000000002e-01  -5.9851799999999999e-01  -7.9198575000000004e-01  -9.9024482000000003e-01  -1.1969447000000000e+00  -1.3678340000000000e+00
  -1.9392561000000000e-01  -3.9840688000000002e-01  -5.9952013999999998e-01  -7.9372319000000002e-01  -9.9266507000000004e-01  -1.1971620999999999e+00  -1.3610553000000001e+00
  -1.9305833999999999e-01  -3.9781844999999999e-01  -6.0028672000000005e-01  -7.9510342000000001e-01  -9.9414281999999998e-01  -1.1965781000000000e+00  -1.3536355000000000e+00
  -1.9185526999999999e-01  -3.9709217000000002e-01  -6.0071764000000005e-01  -7.9612132000000002e-01  -9.9486070000000004e-01  -1.1950582000000001e+00  -1.3455128000000001e+00
  -1.9020066999999999e-01  -3.9607682000000000e-01  -6.0058621000000001e-01  -7.9656269999999996e-01  -9.9516614999999997e-01  -1.1926938000000000e+00  -1.3365263000000001e+00
  -1.8845555000000000e-01  -3.9464838000000002e-01  -5.9997487000000005e-01  -7.9628946000000000e-01  -9.9508074000000002e-01  -1.1897306999999999e+00  -1.3265515999999999e+00
  -1.8688236000000000e-01  -3.9297483000000000e-01  -5.9915099999999999e-01  -7.9543297999999996e-01  -9.9425569000000003e-01  -1.1863466000000000e+00  -1.3158353000000000e+00
  -1.8534901000000001e-01  -3.9117826000000000e-01  -5.9803293000000002e-01  -7.9423743999999996e-01  -9.9249195999999995e-01  -1.1823290000000000e+00  -1.3044978000000000e+00
  -1.8349473999999999e-01  -3.8918360000000002e-01  -5.9647287999999998e-01  -7.9275691000000004e-01  -9.8998600999999997e-01  -1.1773439999999999e+00  -1.2923963000000001e+00
  -1.8121049000000000e-01  -3.8690215000000000e-01  -5.9445322000000000e-01  -7.9068563000000003e-01  -9.8704267000000001e-01  -1.1715637999999999e+00  -1.2793151000000000e+00
  -1.7885513000000000e-01  -3.8427228000000002e-01  -5.9199743000000005e-01  -7.8785198000000001e-01  -9.8374687999999999e-01  -1.1652598000000001e+00  -1.2652551999999999e+00
  -1.7674777999999999e-01  -3.8132551999999997e-01  -5.8926098000000005e-01  -7.8447902999999997e-01  -9.7984863000000000e-01  -1.1585202000000001e+00  -1.2505223000000001e+00
  -1.7469315999999999e-01  -3.7824137000000002e-01  -5.8627193000000000e-01  -7.8077741000000001e-01  -9.7504813999999995e-01  -1.1511431000000001e+00  -1.2351813000000000e+00
  -1.7228284999999999e-01  -3.7505997000000002e-01  -5.8287275000000005e-01  -7.7677764999999999e-01  -9.6949165000000004e-01  -1.1428286000000001e+00  -1.2190943000000001e+00
  -1.6944350999999999e-01  -3.7160363000000002e-01  -5.7900987999999998e-01  -7.7225326999999999e-01  -9.6353951999999998e-01  -1.1336512999999999e+00  -1.2020538000000001e+00
  -1.6652148000000000e-01  -3.6773962999999998e-01  -5.7470091999999995e-01  -7.6700168000000002e-01  -9.5721716999999995e-01  -1.1238657000000001e+00  -1.1840572000000000e+00
  -1.6379567000000000e-01  -3.6362813999999999e-01  -5.7006460999999997e-01  -7.6122935000000003e-01  -9.5026699000000003e-01  -1.1136900000000001e+00  -1.1654274000000000e+00
  -1.6115500999999999e-01  -3.5940759999999999e-01  -5.6519631999999997e-01  -7.5513777000000004e-01  -9.4248390999999998e-01  -1.1029021000000001e+00  -1.1462199000000000e+00
  -1.5821325000000000e-01  -3.5506121000000002e-01  -5.5993442000000004e-01  -7.4869333999999998e-01  -9.3392525999999998e-01  -1.0911295000000001e+00  -1.1262867999999999e+00
  -1.5483818999999999e-01  -3.5046210999999999e-01  -5.5421193000000002e-01  -7.4170596000000000e-01  -9.2492903000000004e-01  -1.0784157000000001e+00  -1.1054672999999999e+00
  -1.5141251000000000e-01  -3.4548369000000001e-01  -5.4808875999999995e-01  -7.3405533999999995e-01  -9.1564449000000003e-01  -1.0650664000000001e+00  -1.0838209999999999e+00
  -1.4824501000000001e-01  -3.4029651999999999e-01  -5.4171303999999998e-01  -7.2592144000000003e-01  -9.0575894000000001e-01  -1.0513775999999999e+00  -1.0616182999999999e+00
  -1.4513614999999999e-01  -3.3499607999999997e-01  -5.3512210999999998e-01  -7.1751575999999995e-01  -8.9500159999999995e-01  -1.0371125999999999e+00  -1.0388539000000001e+00
  -1.4167236999999999e-01  -3.2960989000000002e-01  -5.2815270000000003e-01  -7.0875889999999997e-01  -8.8351131000000005e-01  -1.0218537999999999e+00  -1.0154440000000000e+00
  -1.3785964000000001e-01  -3.2397236000000001e-01  -5.2075152000000002e-01  -6.9948403000000003e-01  -8.7169410999999997e-01  -1.0056908000000000e+00  -9.9124774000000004e-01
  -1.3404200999999999e-01  -3.1793302000000001e-01  -5.1298820999999994e-01  -6.8964040000000004e-01  -8.5957855999999999e-01  -9.8898006999999999e-01  -9.6631104000000001e-01
  -1.3041755999999999e-01  -3.1169656000000001e-01  -5.0503582999999996e-01  -6.7927795000000002e-01  -8.4687133999999997e-01  -9.7192708000000005e-01  -9.4089252000000001e-01
  -1.2686631000000001e-01  -3.0540209000000001e-01  -4.9684991000000001e-01  -6.6863744000000003e-01  -8.3327720000000005e-01  -9.5427446000000005e-01  -9.1496246999999997e-01
  -1.2302246999999999e-01  -2.9899387999999999e-01  -4.8831099000000000e-01  -6.5773660000000000e-01  -8.1898568000000005e-01  -9.3572288000000003e-01  -8.8842052000000005e-01
  -1.1874796999999999e-01  -2.9231635000000000e-01  -4.7936193999999999e-01  -6.4632113999999996e-01  -8.0442221999999997e-01  -9.1632491999999999e-01  -8.6116629000000000e-01
  -1.1439467000000000e-01  -2.8535022999999998e-01  -4.7002500000000003e-01  -6.3431079000000001e-01  -7.8960277999999995e-01  -8.9634541000000001e-01  -8.3327846000000005e-01
  -1.1030883000000000e-01  -2.7824137999999998e-01  -4.6048158000000000e-01  -6.2185873999999997e-01  -7.7426523000000003e-01  -8.7607835000000001e-01  -8.0500932000000003e-01
  -1.0635905000000000e-01  -2.7099320999999998e-01  -4.5075053999999998e-01  -6.0912392000000004e-01  -7.5811205000000004e-01  -8.5534745000000001e-01  -7.7631503000000002e-01
  -1.0215776000000000e-01  -2.6361485000000001e-01  -4.4068742000000000e-01  -5.9616380999999996e-01  -7.4130885999999996e-01  -8.3378399999999997e-01  -7.4704802999999997e-01
  -9.7578223000000006e-02  -2.5607363000000000e-01  -4.3021879000000002e-01  -5.8277325999999996e-01  -7.2424453000000000e-01  -8.1144033999999998e-01  -7.1716606000000005e-01
  -9.2920079000000003e-02  -2.4821823000000001e-01  -4.1945708999999998e-01  -5.6880549999999996e-01  -7.0692858000000003e-01  -7.8862069999999995e-01  -6.8676185000000001e-01
  -8.8519170999999994e-02  -2.4021033000000000e-01  -4.0857173000000002e-01  -5.5445257000000003e-01  -6.8916374999999996e-01  -7.6556493999999997e-01  -6.5604348999999995e-01
  -8.4240369999999995e-02  -2.3218180999999999e-01  -3.9751001000000002e-01  -5.3989991999999998e-01  -6.7071128999999996e-01  -7.4209296000000002e-01  -6.2506735999999996e-01
  -7.9709632000000002e-02  -2.2405712000000000e-01  -3.8608357999999998e-01  -5.2511335000000003e-01  -6.5164668999999997e-01  -7.1786143999999996e-01  -5.9368145000000005e-01
  -7.4865886000000006e-02  -2.1575212999999999e-01  -3.7428716000000001e-01  -5.0993577999999995e-01  -6.3237790999999999e-01  -6.9299317000000005e-01  -5.6170264999999997e-01
  -6.9991388000000002e-02  -2.0719119999999999e-01  -3.6228523000000001e-01  -4.9427556000000000e-01  -6.1294808999999995e-01  -6.6773727999999999e-01  -5.2927064999999995e-01
  -6.5366621000000000e-02  -1.9849520000000001e-01  -3.5020335000000002e-01  -4.7826601000000002e-01  -5.9313468000000003e-01  -6.4231008999999994e-01  -4.9664119000000001e-01
  -6.0931968000000003e-02  -1.8975047000000000e-01  -3.3797694000000000e-01  -4.6211762000000001e-01  -5.7267868000000000e-01  -6.1660800000000004e-01  -4.6385026000000001e-01
  -5.6229215999999999e-02  -1.8098205000000001e-01  -3.2546309000000001e-01  -4.4583898000000000e-01  -5.5166331999999996e-01  -5.9020441999999995e-01  -4.3071997000000001e-01
  -5.1128384999999998e-02  -1.7207351000000001e-01  -3.1259283999999998e-01  -4.2920713999999999e-01  -5.3049747000000003e-01  -5.6318062000000002e-01  -3.9708768999999999e-01
  -4.6073466000000000e-02  -1.6285780999999999e-01  -2.9947522999999998e-01  -4.1208380999999999e-01  -5.0918414999999995e-01  -5.3595172999999996e-01  -3.6315306000000003e-01
  -4.1328864000000000e-02  -1.5355436000000000e-01  -2.8631710999999999e-01  -3.9468398999999998e-01  -4.8756494000000000e-01  -5.0868948000000003e-01  -3.2913779999999998e-01
  -3.6734147000000002e-02  -1.4432128000000000e-01  -2.7312477000000002e-01  -3.7722941999999998e-01  -4.6543643000000001e-01  -4.8114698000000000e-01  -2.9502159000000000e-01
  -3.1868524000000002e-02  -1.3509110999999999e-01  -2.5967017999999997e-01  -3.5967685999999999e-01  -4.4277008000000001e-01  -4.5305584999999998e-01  -2.6067667000000000e-01
  -2.6613930000000001e-02  -1.2570149999999999e-01  -2.4588541000000000e-01  -3.4180989000000001e-01  -4.2005583000000002e-01  -4.2451992999999999e-01  -2.2600792000000000e-01
  -2.1386913000000000e-02  -1.1609218000000000e-01  -2.3196526000000001e-01  -3.2354374000000002e-01  -3.9736168999999999e-01  -3.9581991999999999e-01  -1.9112414999999999e-01
  -1.6464313000000001e-02  -1.0643503999999999e-01  -2.1802482000000001e-01  -3.0502957000000003e-01  -3.7438534000000001e-01  -3.6717346000000001e-01  -1.5624532999999999e-01
  -1.1690363000000000e-02  -9.6790031999999998e-02  -2.0402517000000001e-01  -2.8649660999999998e-01  -3.5086414999999999e-01  -3.3837727000000001e-01  -1.2138516000000001e-01
  -6.7548603999999998e-03  -8.7137608000000005e-02  -1.8979772000000000e-01  -2.6794075000000001e-01  -3.2691764000000001e-01  -3.0911724000000002e-01  -8.6446474999999995e-02
  -1.5433535999999999e-03  -7.7387523000000000e-02  -1.7533719000000000e-01  -2.4910038000000001e-01  -3.0304065000000002e-01  -2.7946000999999998e-01  -5.1324091000000002e-02
   3.6536291999999999e-03  -6.7452216999999995e-02  -1.6078453000000001e-01  -2.2991875000000001e-01  -2.7929052999999998e-01  -2.4969437999999999e-01  -1.6073805000000000e-02
   8.5560557000000006e-03  -5.7454361000000002e-02  -1.4624486000000000e-01  -2.1061232999999999e-01  -2.5538400000000000e-01  -2.2013859999999999e-01   1.9107432000000001e-02
   1.3288825000000001e-02  -4.7530666999999999e-02  -1.3169164000000000e-01  -1.9135795999999999e-01  -2.3099722000000000e-01  -1.9057566000000001e-01   5.4168704999999998e-02
   1.8179251000000000e-02  -3.7700167000000000e-02  -1.1699467000000000e-01  -1.7205601000000001e-01  -2.0623111000000000e-01  -1.6059733000000001e-01   8.9176881000000000e-02
   2.3387298000000001e-02  -2.7738704999999999e-02  -1.0204834000000000e-01  -1.5250701999999999e-01  -1.8161225000000000e-01  -1.3031089000000001e-01   1.2425993000000000e-01
   2.8594308999999998e-02  -1.7646005999999999e-02  -8.6967417000000005e-02  -1.3268024000000000e-01  -1.5723045999999999e-01  -1.0008134000000000e-01   1.5933059999999999e-01
   3.3441881999999999e-02  -7.6321178999999998e-03  -7.2038043999999996e-02  -1.1277370000000000e-01  -1.3272556999999999e-01  -7.0121527000000003e-02   1.9420220999999999e-01
   3.8089965000000003e-02   2.3272369000000002e-03  -5.7219776000000000e-02  -9.2949181000000006e-02  -1.0782773000000000e-01  -4.0207512000000001e-02   2.2881080000000001e-01
   4.2897560000000001e-02   1.2229195999999999e-02  -4.2280096000000003e-02  -7.3236456000000005e-02  -8.2696436999999998e-02  -1.0004882000000000e-02   2.6328748000000002e-01
   4.8000780000000000e-02   2.2200597999999998e-02  -2.7064909000000002e-02  -5.3424992999999997e-02  -5.7767211999999998e-02   2.0403458999999999e-02   2.9779206000000003e-01
   5.3059325999999997e-02   3.2296137000000003e-02  -1.1790791000000000e-02  -3.3370957000000000e-02  -3.3065850000000001e-02   5.0699833000000000e-02   3.3222067000000000e-01
   5.7707191999999997e-02   4.2332561999999997e-02   3.2752713999999999e-03  -1.3294680999999999e-02  -8.3188714000000004e-03   8.0657900000000005e-02   3.6637097000000002e-01
   6.2158590999999999e-02   5.2257790999999998e-02   1.8242917000000001e-02   6.6854213999999997e-03   1.6739164000000001e-02   1.1044925000000000e-01   4.0012328000000003e-01
   6.6789825999999997e-02   6.2044177999999998e-02   3.3279112000000000e-02   2.6504236000000000e-02   4.1977226999999999e-02   1.4038767999999999e-01   4.3361186000000002e-01
   7.1717072000000007e-02   7.1849528999999995e-02   4.8440797000000001e-02   4.6324974999999997e-02   6.6952104999999998e-02   1.7045477000000001e-01   4.6695344000000000e-01
   7.6571881999999994e-02   8.1725125999999995e-02   6.3588120999999997e-02   6.6373674999999993e-02   9.1539607999999995e-02   2.0034634000000001e-01   5.0004126000000004e-01
   8.1031938999999997e-02   9.1487236000000000e-02   7.8559040999999996e-02   8.6428077000000006e-02   1.1604038999999999e-01   2.2979756000000001e-01   5.3274770999999999e-01
   8.5312979999999997e-02   1.0116740000000000e-01   9.3384156999999995e-02   1.0626273999999999e-01   1.4082520000000001e-01   2.5899360999999999e-01   5.6496404000000000e-01
   8.9744857999999997e-02   1.1069257000000000e-01   1.0819235000000001e-01   1.2587619999999999e-01   1.6573191000000001e-01   2.8824221999999999e-01   5.9680321000000003e-01
   9.4430579000000001e-02   1.2016312000000000e-01   1.2312321000000000e-01   1.4546664000000001e-01   1.9029310999999999e-01   3.1748896999999998e-01   6.2850706000000001e-01
   9.9020397999999996e-02   1.2973417000000001e-01   1.3801084999999999e-01   1.6516117999999999e-01   2.1438784999999999e-01   3.4648476000000000e-01   6.5989916000000004e-01
   1.0321282000000000e-01   1.3925129999999999e-01   1.5264786000000000e-01   1.8482270000000001e-01   2.3835418999999999e-01   3.7499614999999997e-01   6.9071300000000002e-01
   1.0720324000000001e-01   1.4861348999999999e-01   1.6711559000000001e-01   2.0424186999999999e-01   2.6255962999999999e-01   4.0309001999999999e-01   7.2096548999999999e-01
   1.1129346000000000e-01   1.5778148000000000e-01   1.8150342999999999e-01   2.2338468000000000e-01   2.8680290000000003e-01   4.3113298999999999e-01   7.5073020000000001e-01
   1.1564648000000000e-01   1.6689604000000000e-01   1.9597004000000001e-01   2.4246413999999999e-01   3.1056646999999998e-01   4.5915850000000002e-01   7.8014390000000000e-01
   1.1995206000000000e-01   1.7605278999999999e-01   2.1041831999999999e-01   2.6156849999999998e-01   3.3380483999999999e-01   4.8683362000000002e-01   8.0919152000000005e-01
   1.2380109000000000e-01   1.8509479000000001e-01   2.2453258000000001e-01   2.8049011000000001e-01   3.5691311999999997e-01   5.1390820999999998e-01   8.3767895000000003e-01
   1.2733764000000000e-01   1.9390262000000000e-01   2.3831045000000001e-01   2.9903868000000000e-01   3.8017452000000002e-01   5.4052215000000003e-01   8.6547341000000000e-01
   1.3098190000000001e-01   2.0245355000000001e-01   2.5201573999999999e-01   3.1730259000000000e-01   4.0330954000000002e-01   5.6704224000000003e-01   8.9266820000000002e-01
   1.3488089000000000e-01   2.1095396999999999e-01   2.6574409999999998e-01   3.3549199000000002e-01   4.2597432000000002e-01   5.9344982000000002e-01   9.1951017000000002e-01
   1.3866696000000001e-01   2.1949421999999999e-01   2.7937984999999999e-01   3.5365120999999999e-01   4.4810974999999997e-01   6.1942481000000005e-01   9.4590229000000003e-01
   1.4208165000000000e-01   2.2786696000000001e-01   2.9270368000000002e-01   3.7157414999999999e-01   4.6996612999999998e-01   6.4475028999999995e-01   9.7156867000000002e-01
   1.4524856999999999e-01   2.3601627000000000e-01   3.0564084000000002e-01   3.8912669000000000e-01   4.9182503000000000e-01   6.6950814999999997e-01   9.9643245999999996e-01
   1.4850853999999999e-01   2.4397173000000000e-01   3.1842979999999999e-01   4.0630366000000001e-01   5.1355631000000002e-01   6.9406263000000001e-01   1.0206468000000000e+00
   1.5203960000000000e-01   2.5179789000000002e-01   3.3121925000000002e-01   4.2327605000000001e-01   5.3476436000000005e-01   7.1844686000000002e-01   1.0444180999999999e+00
   1.5547515000000001e-01   2.5959818000000001e-01   3.4390630999999999e-01   4.4023016999999998e-01   5.5529899999999999e-01   7.4229995999999998e-01   1.0676759000000000e+00
   1.5846498000000001e-01   2.6725821999999999e-01   3.5622658000000001e-01   4.5694372999999999e-01   5.7551233999999996e-01   7.6539352000000005e-01   1.0901573000000000e+00
   1.6112339000000001e-01   2.7461984000000000e-01   3.6816278000000002e-01   4.7312435000000003e-01   5.9571609999999997e-01   7.8789478999999996e-01   1.1117585999999999e+00
   1.6388064999999999e-01   2.8170672000000002e-01   3.7993283000000000e-01   4.8883079000000002e-01   6.1571993999999997e-01   8.1013749999999995e-01   1.1325936999999999e+00
   1.6691732000000001e-01   2.8868819000000001e-01   3.9164826000000003e-01   5.0434866000000000e-01   6.3508217000000000e-01   8.3211265999999995e-01   1.1528730000000000e+00
   1.6978420000000000e-01   2.9563244999999999e-01   4.0314778000000001e-01   5.1979352000000001e-01   6.5374874000000005e-01   8.5347454000000000e-01   1.1725604999999999e+00
   1.7222472000000000e-01   3.0239909999999998e-01   4.1420016999999998e-01   5.3498509000000005e-01   6.7205066999999996e-01   8.7406740000000005e-01   1.1914275999999999e+00
   1.7443036000000001e-01   3.0888049000000001e-01   4.2487934999999999e-01   5.4969917000000001e-01   6.9026540999999997e-01   8.9401929000000002e-01   1.2094180999999999e+00
   1.7665982999999999e-01   3.1503509000000002e-01   4.3533648000000003e-01   5.6387673000000005e-01   7.0823122000000005e-01   9.1363852999999995e-01   1.2266273999999999e+00
   1.7908241000000000e-01   3.2099469000000003e-01   4.4565992999999998e-01   5.7771536000000001e-01   7.2552552999999997e-01   9.3295965999999997e-01   1.2432273000000000e+00
   1.8140861999999999e-01   3.2692710000000003e-01   4.5582130999999998e-01   5.9140397000000000e-01   7.4201307999999999e-01   9.5157756000000004e-01   1.2591406000000001e+00
   1.8331660000000000e-01   3.3269715000000000e-01   4.6554241000000002e-01   6.0478443999999998e-01   7.5805895000000001e-01   9.6938168999999996e-01   1.2741671999999999e+00
   1.8490920000000000e-01   3.3817512999999999e-01   4.7480454999999999e-01   6.1762558999999995e-01   7.7397819000000001e-01   9.8648851000000004e-01   1.2882150000000001e+00
   1.8653164000000000e-01   3.4334227000000000e-01   4.8382668000000001e-01   6.2991173000000000e-01   7.8960573000000001e-01   1.0031546000000000e+00   1.3014162000000000e+00
   1.8836074999999999e-01   3.4834036000000002e-01   4.9271130000000002e-01   6.4190983000000001e-01   8.0456103999999995e-01   1.0194367000000000e+00   1.3140253000000000e+00
   1.9010094999999999e-01   3.5322857000000002e-01   5.0137595999999995e-01   6.5374036999999996e-01   8.1869501000000000e-01   1.0350201000000001e+00   1.3259102000000000e+00
   1.9142750000000000e-01   3.5788779999999998e-01   5.0962249000000004e-01   6.6517236000000002e-01   8.3237932000000003e-01   1.0497654000000001e+00   1.3368111000000000e+00
   1.9244575999999999e-01   3.6227586000000001e-01   5.1740953000000001e-01   6.7599531999999996e-01   8.4585193000000003e-01   1.0637779999999999e+00   1.3467315000000000e+00
   1.9356639000000000e-01   3.6633861000000001e-01   5.2487012000000000e-01   6.8619973000000001e-01   8.5891582000000000e-01   1.0773347000000000e+00   1.3557882999999999e+00
   1.9488727000000000e-01   3.7013954999999998e-01   5.3213129000000003e-01   6.9605715000000001e-01   8.7129685000000001e-01   1.0904206000000001e+00   1.3641700000000001e+00
   1.9603614000000000e-01   3.7384971000000000e-01   5.3912011999999998e-01   7.0568310999999995e-01   8.8286352999999995e-01   1.1027366000000001e+00   1.3718074000000000e+00
   1.9678607000000001e-01   3.7735935999999998e-01   5.4569219999999996e-01   7.1491236000000002e-01   8.9384894999999998e-01   1.1141321000000000e+00   1.3783854000000000e+00
   1.9718537999999999e-01   3.8051559000000001e-01   5.5176634999999996e-01   7.2353672000000002e-01   9.0461683999999998e-01   1.1247126999999999e+00   1.3838287000000000e+00
   1.9762964999999999e-01   3.8333547000000001e-01   5.5746918999999995e-01   7.3152817000000003e-01   9.1502883000000002e-01   1.1347953000000000e+00   1.3882455000000000e+00
   1.9827318999999999e-01   3.8597938999999998e-01   5.6302543000000005e-01   7.3916168000000004e-01   9.2461521999999996e-01   1.1443509000000001e+00   1.3918423000000000e+00
   1.9876857000000001e-01   3.8854586000000002e-01   5.6827967999999995e-01   7.4653667999999995e-01   9.3331545000000005e-01   1.1530727999999999e+00   1.3944799999999999e+00
   1.9888256000000001e-01   3.9083058999999998e-01   5.7306548999999996e-01   7.5346327000000002e-01   9.4142890000000001e-01   1.1608596000000000e+00   1.3958381000000000e+00
   1.9862427999999999e-01   3.9277104000000002e-01   5.7736712000000001e-01   7.5976975000000002e-01   9.4925243000000004e-01   1.1678453000000000e+00   1.3959294000000000e+00
   1.9842033000000001e-01   3.9439742999999999e-01   5.8129989000000004e-01   7.6542635000000003e-01   9.5670379000000005e-01   1.1742543999999999e+00   1.3949712000000001e+00
   1.9846074999999999e-01   3.9578511999999999e-01   5.8502650000000000e-01   7.7062982000000002e-01   9.6336608999999995e-01   1.1801048999999999e+00   1.3933135999999999e+00
   1.9831372000000000e-01   3.9702330000000002e-01   5.8839648000000000e-01   7.7556002999999996e-01   9.6909270999999997e-01   1.1851292000000000e+00   1.3909765999999999e+00
   1.9774340000000001e-01   3.9805016999999998e-01   5.9130738000000005e-01   7.8005634999999995e-01   9.7423059000000001e-01   1.1890856999999999e+00   1.3877911999999999e+00
   1.9686841999999999e-01   3.9880075999999998e-01   5.9375794999999998e-01   7.8390165000000001e-01   9.7906850999999995e-01   1.1922062000000000e+00   1.3838066000000000e+00
   1.9603530999999999e-01   3.9918487000000002e-01   5.9584437999999995e-01   7.8711074999999997e-01   9.8342116999999996e-01   1.1947920999999999e+00   1.3791453000000000e+00
   1.9544596000000000e-01   3.9929649000000000e-01   5.9770352999999998e-01   7.8986405000000004e-01   9.8694888999999997e-01   1.1967384000000001e+00   1.3739699999999999e+00
   1.9474137000000000e-01   3.9929430999999999e-01   5.9921844000000002e-01   7.9234875999999999e-01   9.8954061999999998e-01   1.1977922999999999e+00   1.3681694000000000e+00
   1.9358874000000001e-01   3.9904455999999999e-01   6.0023254999999998e-01   7.9435818000000002e-01   9.9158288999999999e-01   1.1978042000000000e+00   1.3614911999999999e+00
   1.9212971000000001e-01   3.9849761000000000e-01   6.0074963999999997e-01   7.9568258000000003e-01   9.9337629999999999e-01   1.1969502999999999e+00   1.3539076999999999e+00
   1.9076776000000001e-01   3.9758391999999998e-01   6.0094137999999997e-01   7.9638067999999995e-01   9.9463517000000001e-01   1.1955813000000000e+00   1.3454974000000000e+00
   1.8955765999999999e-01   3.9638076000000000e-01   6.0088551999999995e-01   7.9664835000000001e-01   9.9503843999999997e-01   1.1936604000000000e+00   1.3365069999999999e+00
   1.8820522000000001e-01   3.9511602000000001e-01   6.0045369999999998e-01   7.9658761000000000e-01   9.9452803999999995e-01   1.1908964000000000e+00   1.3268583000000000e+00
   1.8644553000000000e-01   3.9365115000000001e-01   5.9956779999999998e-01   7.9601995000000003e-01   9.9341864000000002e-01   1.1872090000000000e+00   1.3162777000000001e+00
   1.8433836000000001e-01   3.9184117000000002e-01   5.9820724999999997e-01   7.9475547000000002e-01   9.9204559000000003e-01   1.1827839000000000e+00   1.3047607999999999e+00
   1.8231712000000000e-01   3.8969213000000003e-01   5.9648939999999995e-01   7.9288581000000002e-01   9.9011855999999998e-01   1.1778576000000001e+00   1.2923595000000001e+00
   1.8052771000000001e-01   3.8730585000000001e-01   5.9452760000000004e-01   7.9063015999999997e-01   9.8730421000000002e-01   1.1724083000000001e+00   1.2793156999999999e+00
   1.7859589000000001e-01   3.8477036999999997e-01   5.9224748999999999e-01   7.8806746000000005e-01   9.8367139000000003e-01   1.1661904999999999e+00   1.2655931000000000e+00
   1.7621482999999999e-01   3.8201048999999998e-01   5.8953571999999999e-01   7.8504056000000000e-01   9.7945939000000004e-01   1.1590810000000000e+00   1.2509273999999999e+00
   1.7358638000000001e-01   3.7895387000000003e-01   5.8636032000000005e-01   7.8129999999999999e-01   9.7492131000000004e-01   1.1512941000000001e+00   1.2353452000000000e+00
   1.7104704000000001e-01   3.7559716999999998e-01   5.8280343000000001e-01   7.7694697999999995e-01   9.6991664000000000e-01   1.1430098000000000e+00   1.2189576000000000e+00
