  -2.1164366e+00
  -2.1164354e+00
  -2.1619095e+00
  -2.1537529e+00
  -1.6803762e+00
  -1.1545966e+00
  -6.2085243e-01
  -1.4848854e-01
   3.9383742e-01
   6.6589708e-01
   9.2337848e-01
   1.1703769e+00
   1.3410989e+00
   1.5144064e+00
   1.6750430e+00
   1.8342014e+00
   1.9498572e+00
   2.0902406e+00
   2.2469416e+00
   2.3995187e+00
   2.5295335e+00
   2.6450456e+00
   2.7913654e+00
   2.9366230e+00
   3.1507093e+00
   3.2956904e+00
   3.4793256e+00
   3.6839601e+00
   3.8203133e+00
   3.9715543e+00
   4.1386117e+00
   4.3499474e+00
   4.5112798e+00
   4.7051889e+00
   4.8829031e+00
   5.0659303e+00
   5.3021848e+00
   5.4914138e+00
   5.7557540e+00
   5.9265641e+00
   6.1777091e+00
   6.4619217e+00
   6.6910406e+00
   6.9972243e+00
   7.2545105e+00
   7.5018794e+00
   7.7760015e+00
   8.0671007e+00
   8.4071497e+00
   8.7896812e+00
   9.1540537e+00
   9.4736329e+00
   9.9162233e+00
   1.0336964e+01
   1.0821241e+01
   1.1410402e+01
   1.1864788e+01
   1.2559394e+01
   1.3129196e+01
   1.3888095e+01
   1.4615017e+01
   1.5712377e+01
   1.6906422e+01
   1.8187975e+01
   1.9530610e+01
   2.0780469e+01
   2.2604149e+01
   2.4847594e+01
   2.6655600e+01
   3.0085987e+01
   3.3936212e+01
   3.7849777e+01
   4.1314860e+01
   4.5280880e+01
   5.0899871e+01
   5.5522643e+01
   6.1403591e+01
   6.8664441e+01
   7.3821489e+01
   9.2512605e+01
   9.7026992e+01
   1.3306662e+02
   1.3486237e+02
   1.4002741e+02
   1.4116780e+02
   2.4889634e+02
   2.5045624e+02
   2.5245204e+02
   2.7080593e+02
   4.1756865e+02
   4.4264862e+02
   5.3936601e+02
   6.3748562e+02
   6.7637890e+02
   7.1053814e+02
   7.7707948e+02
   8.6041689e+02
   9.1113652e+02
   9.4521405e+02
   9.7916836e+02
   9.9681794e+02
   1.0310478e+03
   1.0654601e+03
   1.0665050e+03
   1.1012491e+03
   1.1355908e+03
   1.1533322e+03
   1.2213345e+03
   1.2733803e+03
   1.3251496e+03
   1.3262390e+03
   1.3277159e+03
   1.3460415e+03
   1.3805693e+03
   1.3819682e+03
   1.3828630e+03
   1.3843377e+03
   1.3853898e+03
   1.4366331e+03
   1.5048821e+03
   1.5063990e+03
   1.5417470e+03
   1.5765195e+03
   1.5446202e+03
   1.5666490e+03
   1.6180380e+03
   1.6194013e+03
   1.6544611e+03
   1.7061874e+03
   1.7072767e+03
   1.7086786e+03
   1.7097708e+03
   1.7955323e+03
   1.8470169e+03
   1.8654032e+03
   1.8836330e+03
   1.8677401e+03
   1.8726617e+03
   1.9429408e+03
   1.8784155e+03
   1.8787729e+03
   1.8628014e+03
   1.8628152e+03
   1.8795632e+03
   2.0127541e+03
   1.9784586e+03
   1.9784419e+03
   1.9776954e+03
   1.9776736e+03
   1.9763452e+03
   1.9762565e+03
   1.9741779e+03
   1.9610670e+03
   1.8422174e+03
   1.7736234e+03
   1.7723000e+03
   1.7375624e+03
   1.6859735e+03
   1.6844550e+03
   1.6328787e+03
   1.6309723e+03
   1.6294542e+03
   1.6280500e+03
   1.5599912e+03
   1.5254861e+03
   1.5741778e+03
   1.5722137e+03
   1.5708508e+03
   1.5195393e+03
   1.5011825e+03
   1.4996656e+03
   1.5152983e+03
   1.5105009e+03
   1.5084792e+03
   1.4234731e+03
   1.3889629e+03
   1.3879137e+03
   1.3196510e+03
   1.3185645e+03
   1.3508287e+03
   1.3476119e+03
   1.3131652e+03
   1.3123496e+03
   1.2614123e+03
   1.2602858e+03
   1.1926161e+03
   1.0918179e+03
   1.0903863e+03
   1.0228019e+03
   9.5519003e+02
   8.7059157e+02
   7.8662657e+02
   5.7057849e+02
   5.0463451e+02
   4.2244608e+02
   3.7383557e+02
   3.4183742e+02
   2.3312628e+02
   2.3083088e+02
   2.0709386e+02
   2.0610523e+02
   1.1222499e+02
   1.1167690e+02
   1.1082435e+02
   1.0933650e+02
   1.0729964e+02
   9.3003990e+01
   4.8563975e+01
   4.8197041e+01
   4.7826026e+01
   4.7399565e+01
   4.6760679e+01
   4.5864643e+01
   4.4513584e+01
   4.2081131e+01
   3.9608821e+01
   3.6219920e+01
   3.4820061e+01
   3.3036357e+01
   3.1196404e+01
   2.9722246e+01
   2.8364983e+01
   2.6959978e+01
   2.4965625e+01
   2.3986453e+01
   2.2605627e+01
   2.1052676e+01
   1.9780305e+01
   1.8554730e+01
   1.7895672e+01
   1.6790203e+01
   1.6048508e+01
   1.5245047e+01
   1.4350291e+01
   1.3497051e+01
   1.2855944e+01
   1.2106715e+01
   1.1464834e+01
   1.1073674e+01
   1.0487608e+01
   9.8387053e+00
   9.4069157e+00
   9.0048200e+00
   8.5628756e+00
   8.2772796e+00
   7.9092395e+00
   7.3859356e+00
   6.6735231e+00
   6.1773085e+00
   5.5367101e+00
   5.1580951e+00
   4.7364921e+00
   4.3929476e+00
   4.2673690e+00
   3.9030373e+00
   3.6010472e+00
   3.2481879e+00
   3.0433397e+00
   2.7428681e+00
   2.4875542e+00
   2.2323979e+00
   2.0294323e+00
   1.8381303e+00
   1.5664743e+00
   1.3711879e+00
   1.1597386e+00
   1.0225238e+00
   8.4194106e-01
   6.8114737e-01
   5.5965636e-01
   3.9873945e-01
   2.6438289e-01
   1.3380778e-01
  -1.2727969e-02
  -1.4563951e-01
  -2.7538066e-01
  -4.1133188e-01
  -5.2667603e-01
  -6.4014038e-01
  -7.3476912e-01
  -8.7085387e-01
  -1.0469663e+00
  -1.1955978e+00
  -1.3428154e+00
  -1.4483768e+00
  -1.5293200e+00
  -1.5858839e+00
  -1.6746907e+00
  -1.7554449e+00
  -1.8483681e+00
  -1.9171756e+00
  -1.9820519e+00
  -2.0226884e+00
  -2.0572908e+00
  -2.0899049e+00
  -2.1164366e+00
