   1.9750627e-01   3.9663940e-01   5.9546786e-01   7.9174397e-01   9.8751544e-01   1.1791181e+00   1.3338533e+00
   1.9750627e-01   3.9663940e-01   5.9546786e-01   7.9174397e-01   9.8751544e-01   1.1791181e+00   1.3338533e+00
   1.9683773e-01   3.9573872e-01   5.9415213e-01   7.8998182e-01   9.8473658e-01   1.1742991e+00   1.3237567e+00
   1.9603779e-01   3.9462938e-01   5.9249280e-01   7.8772335e-01   9.8130336e-01   1.1687830e+00   1.3128984e+00
   1.9511621e-01   3.9336378e-01   5.9048453e-01   7.8501917e-01   9.7724507e-01   1.1625372e+00   1.3012188e+00
   1.9411827e-01   3.9185135e-01   5.8812200e-01   7.8182311e-01   9.7259724e-01   1.1555890e+00   1.2887605e+00
   1.9299159e-01   3.9006457e-01   5.8540788e-01   7.7813872e-01   9.6739626e-01   1.1479270e+00   1.2755279e+00
   1.9170687e-01   3.8799012e-01   5.8236613e-01   7.7393049e-01   9.6168299e-01   1.1395680e+00   1.2615079e+00
   1.9028364e-01   3.8564576e-01   5.7895681e-01   7.6923659e-01   9.5538372e-01   1.1305041e+00   1.2466896e+00
   1.8873078e-01   3.8306878e-01   5.7513906e-01   7.6416002e-01   9.4842831e-01   1.1207503e+00   1.2310758e+00
   1.8708736e-01   3.8022365e-01   5.7091378e-01   7.5862086e-01   9.4090644e-01   1.1103856e+00   1.2147118e+00
   1.8533118e-01   3.7713437e-01   5.6634490e-01   7.5259694e-01   9.3286162e-01   1.0994189e+00   1.1975389e+00
   1.8348533e-01   3.7386040e-01   5.6145283e-01   7.4609800e-01   9.2427076e-01   1.0877366e+00   1.1795811e+00
   1.8151606e-01   3.7035737e-01   5.5621982e-01   7.3912316e-01   9.1508502e-01   1.0752988e+00   1.1609006e+00
   1.7937810e-01   3.6655246e-01   5.5066540e-01   7.3166621e-01   9.0529198e-01   1.0621959e+00   1.1414593e+00
   1.7716111e-01   3.6255488e-01   5.4472298e-01   7.2377775e-01   8.9496533e-01   1.0484848e+00   1.1212774e+00
   1.7488464e-01   3.5837440e-01   5.3844760e-01   7.1547732e-01   8.8406068e-01   1.0341159e+00   1.1004349e+00
   1.7247410e-01   3.5393467e-01   5.3189522e-01   7.0668324e-01   8.7259489e-01   1.0190570e+00   1.0788955e+00
   1.6991884e-01   3.4928007e-01   5.2494950e-01   6.9742569e-01   8.6059105e-01   1.0033545e+00   1.0566120e+00
   1.6732007e-01   3.4443546e-01   5.1767173e-01   6.8775439e-01   8.4802786e-01   9.8703039e-01   1.0336573e+00
   1.6464672e-01   3.3935379e-01   5.1015511e-01   6.7771107e-01   8.3495947e-01   9.7009015e-01   1.0100278e+00
   1.6180734e-01   3.3404394e-01   5.0228513e-01   6.6728064e-01   8.2138588e-01   9.5257456e-01   9.8583546e-01
   1.5879571e-01   3.2854675e-01   4.9398630e-01   6.5640184e-01   8.0732662e-01   9.3447298e-01   9.6104198e-01
   1.5566155e-01   3.2285778e-01   4.8536251e-01   6.4507555e-01   7.9277460e-01   9.1572236e-01   9.3557372e-01
   1.5249011e-01   3.1696460e-01   4.7648745e-01   6.3337902e-01   7.7768275e-01   8.9634935e-01   9.0952569e-01
   1.4927249e-01   3.1087786e-01   4.6733538e-01   6.2130958e-01   7.6206439e-01   8.7643740e-01   8.8288101e-01
   1.4596609e-01   3.0460024e-01   4.5789564e-01   6.0876247e-01   7.4597991e-01   8.5599717e-01   8.5565921e-01
   1.4257357e-01   2.9813527e-01   4.4817089e-01   5.9581227e-01   7.2945326e-01   8.3504198e-01   8.2787184e-01
   1.3908782e-01   2.9146520e-01   4.3813717e-01   5.8253533e-01   7.1248179e-01   8.1356294e-01   7.9952955e-01
   1.3554080e-01   2.8459625e-01   4.2783708e-01   5.6889702e-01   6.9506639e-01   7.9152898e-01   7.7069271e-01
   1.3192453e-01   2.7757370e-01   4.1730171e-01   5.5487694e-01   6.7716976e-01   7.6896230e-01   7.4137288e-01
   1.2818396e-01   2.7040553e-01   4.0648488e-01   5.4050880e-01   6.5882919e-01   7.4585136e-01   7.1157359e-01
   1.2430755e-01   2.6304737e-01   3.9543543e-01   5.2582903e-01   6.4004647e-01   7.2223521e-01   6.8126556e-01
   1.2037609e-01   2.5548588e-01   3.8412228e-01   5.1079144e-01   6.2088107e-01   6.9816892e-01   6.5053490e-01
   1.1637892e-01   2.4773882e-01   3.7252502e-01   4.9542978e-01   6.0134632e-01   6.7366313e-01   6.1943932e-01
   1.1231073e-01   2.3981775e-01   3.6069513e-01   4.7977513e-01   5.8141203e-01   6.4878622e-01   5.8791935e-01
   1.0819903e-01   2.3176171e-01   3.4862374e-01   4.6378752e-01   5.6111460e-01   6.2355060e-01   5.5601670e-01
   1.0402606e-01   2.2357428e-01   3.3635525e-01   4.4747584e-01   5.4044959e-01   5.9786839e-01   5.2376157e-01
   9.9788286e-02   2.1519950e-01   3.2388521e-01   4.3090668e-01   5.1942855e-01   5.7171471e-01   4.9116372e-01
   9.5428870e-02   2.0668710e-01   3.1120474e-01   4.1406938e-01   4.9808876e-01   5.4518991e-01   4.5822848e-01
   9.1019733e-02   1.9810545e-01   2.9836002e-01   3.9698259e-01   4.7644976e-01   5.1835879e-01   4.2496117e-01
   8.6561764e-02   1.8942169e-01   2.8533062e-01   3.7963743e-01   4.5450888e-01   4.9120982e-01   3.9141508e-01
   8.2009680e-02   1.8061008e-01   2.7208990e-01   3.6204278e-01   4.3223860e-01   4.6374831e-01   3.5760973e-01
   7.7400773e-02   1.7164309e-01   2.5863610e-01   3.4423237e-01   4.0963893e-01   4.3595385e-01   3.2354956e-01
   7.2730602e-02   1.6256690e-01   2.4498963e-01   3.2617691e-01   3.8669475e-01   4.0787261e-01   2.8928695e-01
   6.7990290e-02   1.5342855e-01   2.3118334e-01   3.0789860e-01   3.6351619e-01   3.7953478e-01   2.5491336e-01
   6.3212687e-02   1.4421740e-01   2.1724299e-01   2.8938057e-01   3.4020444e-01   3.5092437e-01   2.2040659e-01
   5.8449290e-02   1.3485353e-01   2.0320852e-01   2.7069650e-01   3.1668670e-01   3.2212929e-01   1.8569295e-01
   5.3643275e-02   1.2537779e-01   1.8906040e-01   2.5185172e-01   2.9295144e-01   2.9318859e-01   1.5082659e-01
   4.8782213e-02   1.1585944e-01   1.7479509e-01   2.3278321e-01   2.6901819e-01   2.6399663e-01   1.1583416e-01
   4.3930029e-02   1.0623898e-01   1.6041080e-01   2.1357263e-01   2.4486118e-01   2.3457648e-01   8.0758263e-02
   3.9030788e-02   9.6585668e-02   1.4589510e-01   1.9428836e-01   2.2052217e-01   2.0499652e-01   4.5666388e-02
   3.4095144e-02   8.6936796e-02   1.3124801e-01   1.7485404e-01   1.9604731e-01   1.7525763e-01   1.0554979e-02
   2.9158612e-02   7.7227549e-02   1.1650857e-01   1.5528477e-01   1.7142596e-01   1.4536158e-01  -2.4594608e-02
   2.4198996e-02   6.7420636e-02   1.0169810e-01   1.3564535e-01   1.4670516e-01   1.1534567e-01  -5.9681156e-02
   1.9226062e-02   5.7562226e-02   8.6810388e-02   1.1591626e-01   1.2186272e-01   8.5304019e-02  -9.4754387e-02
   1.4246024e-02   4.7674517e-02   7.1903143e-02   9.6101935e-02   9.6920846e-02   5.5208204e-02  -1.2982229e-01
   9.2207057e-03   3.7732648e-02   5.6987907e-02   7.6185502e-02   7.1942566e-02   2.5029817e-02  -1.6481828e-01
   4.1465541e-03   2.7787227e-02   4.2006081e-02   5.6223789e-02   4.6927883e-02  -5.2089456e-03  -1.9975300e-01
  -8.8853111e-04   1.7800965e-02   2.6989627e-02   3.6255861e-02   2.1884789e-02  -3.5469905e-02  -2.3454921e-01
  -5.8703441e-03   7.7427843e-03   1.1968735e-02   1.6268399e-02  -3.1920446e-03  -6.5627871e-02  -2.6918916e-01
  -1.0875242e-02  -2.3260503e-03  -3.0468306e-03  -3.7314928e-03  -2.8278645e-02  -9.5707704e-02  -3.0364177e-01
  -1.5882803e-02  -1.2413530e-02  -1.8063284e-02  -2.3739375e-02  -5.3324403e-02  -1.2577156e-01  -3.3789017e-01
  -2.0832653e-02  -2.2523207e-02  -3.3075298e-02  -4.3747258e-02  -7.8371937e-02  -1.5578746e-01  -3.7193259e-01
  -2.5797596e-02  -3.2620454e-02  -4.8066003e-02  -6.3740935e-02  -1.0341858e-01  -1.8574211e-01  -4.0574593e-01
  -3.0795391e-02  -4.2663540e-02  -6.3038950e-02  -8.3694657e-02  -1.2837733e-01  -2.1558044e-01  -4.3932665e-01
  -3.5755895e-02  -5.2634709e-02  -7.7991477e-02  -1.0356581e-01  -1.5322687e-01  -2.4525185e-01  -4.7264368e-01
  -4.0666678e-02  -6.2549942e-02  -9.2903162e-02  -1.2339612e-01  -1.7800271e-01  -2.7479985e-01  -5.0568724e-01
  -4.5510872e-02  -7.2396809e-02  -1.0781041e-01  -1.4319535e-01  -2.0265603e-01  -3.0419780e-01  -5.3841649e-01
  -5.0306232e-02  -8.2187740e-02  -1.2264396e-01  -1.6288271e-01  -2.2725164e-01  -3.3335159e-01  -5.7078705e-01
  -5.5069629e-02  -9.1927175e-02  -1.3735410e-01  -1.8246353e-01  -2.5175757e-01  -3.6228962e-01  -6.0278913e-01
  -5.9841904e-02  -1.0161867e-01  -1.5198699e-01  -2.0193247e-01  -2.7601047e-01  -3.9100746e-01  -6.3446271e-01
  -6.4609741e-02  -1.1124800e-01  -1.6650890e-01  -2.2127268e-01  -3.0009732e-01  -4.1947492e-01  -6.6573053e-01
  -6.9321641e-02  -1.2083473e-01  -1.8090917e-01  -2.4049568e-01  -3.2400128e-01  -4.4766892e-01  -6.9652867e-01
  -7.4021111e-02  -1.3039570e-01  -1.9518958e-01  -2.5959084e-01  -3.4766818e-01  -4.7560366e-01  -7.2691661e-01
  -7.8677964e-02  -1.3985634e-01  -2.0938387e-01  -2.7852706e-01  -3.7116016e-01  -5.0324274e-01  -7.5685529e-01
  -8.3267338e-02  -1.4920600e-01  -2.2348670e-01  -2.9727861e-01  -3.9439911e-01  -5.3056130e-01  -7.8632163e-01
  -8.7823861e-02  -1.5851304e-01  -2.3745813e-01  -3.1586323e-01  -4.1736192e-01  -5.5754691e-01  -8.1528809e-01
  -9.2307579e-02  -1.6769401e-01  -2.5126087e-01  -3.3427295e-01  -4.4011875e-01  -5.8419424e-01  -8.4372538e-01
  -9.6689192e-02  -1.7672137e-01  -2.6488336e-01  -3.5245892e-01  -4.6258791e-01  -6.1049619e-01  -8.7160953e-01
  -1.0104062e-01  -1.8561733e-01  -2.7832030e-01  -3.7038919e-01  -4.8478538e-01  -6.3640214e-01  -8.9893699e-01
  -1.0535741e-01  -1.9438810e-01  -2.9157521e-01  -3.8803534e-01  -5.0671738e-01  -6.6190767e-01  -9.2573971e-01
  -1.0957388e-01  -2.0310382e-01  -3.0459574e-01  -4.0543288e-01  -5.2832353e-01  -6.8701100e-01  -9.5196266e-01
  -1.1370245e-01  -2.1173430e-01  -3.1741382e-01  -4.2259514e-01  -5.4955145e-01  -7.1165795e-01  -9.7760138e-01
  -1.1776710e-01  -2.2021474e-01  -3.3005611e-01  -4.3948039e-01  -5.7038071e-01  -7.3587163e-01  -1.0026355e+00
  -1.2179534e-01  -2.2853269e-01  -3.4247377e-01  -4.5608063e-01  -5.9085483e-01  -7.5965913e-01  -1.0269921e+00
  -1.2575521e-01  -2.3671214e-01  -3.5470142e-01  -4.7242960e-01  -6.1094361e-01  -7.8290503e-01  -1.0507113e+00
  -1.2959522e-01  -2.4474864e-01  -3.6675328e-01  -4.8848024e-01  -6.3061509e-01  -8.0561022e-01  -1.0737468e+00
  -1.3333934e-01  -2.5257383e-01  -3.7855120e-01  -5.0417397e-01  -6.4989680e-01  -8.2782885e-01  -1.0961279e+00
  -1.3702220e-01  -2.6020901e-01  -3.9008365e-01  -5.1954983e-01  -6.6880205e-01  -8.4948458e-01  -1.1178955e+00
  -1.4061894e-01  -2.6772877e-01  -4.0138348e-01  -5.3464513e-01  -6.8721808e-01  -8.7052590e-01  -1.1389431e+00
  -1.4416063e-01  -2.7505763e-01  -4.1240630e-01  -5.4938439e-01  -7.0513691e-01  -8.9100786e-01  -1.1592377e+00
  -1.4761796e-01  -2.8221958e-01  -4.2313700e-01  -5.6372500e-01  -7.2261802e-01  -9.1091182e-01  -1.1788105e+00
  -1.5094568e-01  -2.8923947e-01  -4.3362532e-01  -5.7766518e-01  -7.3967739e-01  -9.3023600e-01  -1.1976375e+00
  -1.5416151e-01  -2.9604183e-01  -4.4386059e-01  -5.9123956e-01  -7.5626086e-01  -9.4904166e-01  -1.2156787e+00
  -1.5723973e-01  -3.0261867e-01  -4.5381529e-01  -6.0449696e-01  -7.7237020e-01  -9.6722581e-01  -1.2329724e+00
  -1.6023272e-01  -3.0899840e-01  -4.6349121e-01  -6.1739922e-01  -7.8800454e-01  -9.8475561e-01  -1.2494722e+00
  -1.6315378e-01  -3.1519257e-01  -4.7286613e-01  -6.2988773e-01  -8.0311060e-01  -1.0016337e+00  -1.2651597e+00
  -1.6598961e-01  -3.2121094e-01  -4.8192143e-01  -6.4195895e-01  -8.1773454e-01  -1.0177980e+00  -1.2800845e+00
  -1.6870824e-01  -3.2701090e-01  -4.9067573e-01  -6.5366169e-01  -8.3182753e-01  -1.0333469e+00  -1.2941871e+00
  -1.7132033e-01  -3.3258267e-01  -4.9912106e-01  -6.6490630e-01  -8.4534252e-01  -1.0482477e+00  -1.3074436e+00
  -1.7382765e-01  -3.3794757e-01  -5.0723787e-01  -6.7565813e-01  -8.5831680e-01  -1.0624258e+00  -1.3198052e+00
  -1.7616094e-01  -3.4313933e-01  -5.1506080e-01  -6.8592786e-01  -8.7072995e-01  -1.0759069e+00  -1.3312593e+00
  -1.7838592e-01  -3.4813044e-01  -5.2251527e-01  -6.9574388e-01  -8.8254822e-01  -1.0887203e+00  -1.3418655e+00
  -1.8055851e-01  -3.5287471e-01  -5.2959238e-01  -7.0516036e-01  -8.9377073e-01  -1.1008776e+00  -1.3515474e+00
  -1.8260236e-01  -3.5737039e-01  -5.3634721e-01  -7.1417464e-01  -9.0443654e-01  -1.1123069e+00  -1.3602909e+00
  -1.8449172e-01  -3.6159792e-01  -5.4269982e-01  -7.2276629e-01  -9.1456875e-01  -1.1229663e+00  -1.3681029e+00
  -1.8629940e-01  -3.6562125e-01  -5.4866621e-01  -7.3088204e-01  -9.2410786e-01  -1.1329217e+00  -1.3749170e+00
  -1.8797922e-01  -3.6946078e-01  -5.5434139e-01  -7.3850591e-01  -9.3300681e-01  -1.1421277e+00  -1.3808158e+00
  -1.8954184e-01  -3.7304994e-01  -5.5970047e-01  -7.4561038e-01  -9.4131445e-01  -1.1505551e+00  -1.3857733e+00
  -1.9103077e-01  -3.7639493e-01  -5.6471685e-01  -7.5218123e-01  -9.4903608e-01  -1.1582286e+00  -1.3896832e+00
  -1.9238830e-01  -3.7954282e-01  -5.6940914e-01  -7.5829572e-01  -9.5610247e-01  -1.1651111e+00  -1.3926457e+00
  -1.9358601e-01  -3.8245897e-01  -5.7374541e-01  -7.6397782e-01  -9.6252605e-01  -1.1712726e+00  -1.3946485e+00
  -1.9469760e-01  -3.8507502e-01  -5.7770077e-01  -7.6914673e-01  -9.6835563e-01  -1.1766847e+00  -1.3956603e+00
  -1.9571240e-01  -3.8742738e-01  -5.8127791e-01  -7.7380600e-01  -9.7355838e-01  -1.1813164e+00  -1.3957746e+00
  -1.9661090e-01  -3.8954711e-01  -5.8446970e-01  -7.7806307e-01  -9.7813252e-01  -1.1852334e+00  -1.3949814e+00
  -1.9741084e-01  -3.9142889e-01  -5.8729392e-01  -7.8180428e-01  -9.8212067e-01  -1.1883930e+00  -1.3933030e+00
  -1.9802611e-01  -3.9308871e-01  -5.8974257e-01  -7.8500390e-01  -9.8546688e-01  -1.1907828e+00  -1.3907989e+00
  -1.9851086e-01  -3.9447417e-01  -5.9181832e-01  -7.8773826e-01  -9.8814275e-01  -1.1924135e+00  -1.3875091e+00
  -1.9887308e-01  -3.9558173e-01  -5.9358153e-01  -7.8999052e-01  -9.9018379e-01  -1.1932709e+00  -1.3834468e+00
  -1.9906927e-01  -3.9644068e-01  -5.9500469e-01  -7.9173846e-01  -9.9160422e-01  -1.1933824e+00  -1.3786342e+00
  -1.9915448e-01  -3.9707323e-01  -5.9601322e-01  -7.9293859e-01  -9.9240668e-01  -1.1927517e+00  -1.3731149e+00
  -1.9913137e-01  -3.9746428e-01  -5.9656449e-01  -7.9365749e-01  -9.9261516e-01  -1.1913770e+00  -1.3668516e+00
  -1.9900349e-01  -3.9758453e-01  -5.9672421e-01  -7.9387919e-01  -9.9219858e-01  -1.1892662e+00  -1.3597971e+00
  -1.9878238e-01  -3.9744552e-01  -5.9657317e-01  -7.9358059e-01  -9.9115427e-01  -1.1864656e+00  -1.3520067e+00
  -1.9840767e-01  -3.9704103e-01  -5.9605633e-01  -7.9281675e-01  -9.8948934e-01  -1.1829812e+00  -1.3434855e+00
  -1.9787226e-01  -3.9638617e-01  -5.9513196e-01  -7.9160720e-01  -9.8719669e-01  -1.1787911e+00  -1.3341723e+00
  -1.9720544e-01  -3.9546849e-01  -5.9382581e-01  -7.8981787e-01  -9.8429762e-01  -1.1739163e+00  -1.3240698e+00
  -1.9641698e-01  -3.9429778e-01  -5.9217871e-01  -7.8754021e-01  -9.8086495e-01  -1.1683722e+00  -1.3131842e+00
  -1.9549268e-01  -3.9291841e-01  -5.9014717e-01  -7.8484702e-01  -9.7685870e-01  -1.1621479e+00  -1.3014951e+00
  -1.9445917e-01  -3.9131086e-01  -5.8775870e-01  -7.8164154e-01  -9.7221053e-01  -1.1552541e+00  -1.2890069e+00
  -1.9332710e-01  -3.8943074e-01  -5.8502396e-01  -7.7795039e-01  -9.6694262e-01  -1.1476483e+00  -1.2757294e+00
  -1.9206452e-01  -3.8728070e-01  -5.8189057e-01  -7.7373806e-01  -9.6107008e-01  -1.1393340e+00  -1.2616776e+00
  -1.9067320e-01  -3.8488294e-01  -5.7838072e-01  -7.6903651e-01  -9.5465948e-01  -1.1303253e+00  -1.2468401e+00
  -1.8913805e-01  -3.8226322e-01  -5.7450595e-01  -7.6387416e-01  -9.4772149e-01  -1.1205939e+00  -1.2312195e+00
  -1.8749901e-01  -3.7946593e-01  -5.7030623e-01  -7.5825810e-01  -9.4021082e-01  -1.1102233e+00  -1.2148353e+00
  -1.8574455e-01  -3.7648395e-01  -5.6579397e-01  -7.5222564e-01  -9.3212925e-01  -1.0991486e+00  -1.1976547e+00
  -1.8386845e-01  -3.7326137e-01  -5.6088839e-01  -7.4571993e-01  -9.2348477e-01  -1.0873591e+00  -1.1797283e+00
  -1.8193908e-01  -3.6976621e-01  -5.5556640e-01  -7.3874366e-01  -9.1427116e-01  -1.0749082e+00  -1.1610738e+00
  -1.7988008e-01  -3.6602777e-01  -5.4993898e-01  -7.3134210e-01  -9.0446623e-01  -1.0618171e+00  -1.1416531e+00
  -1.7764528e-01  -3.6205049e-01  -5.4398571e-01  -7.2347529e-01  -8.9410195e-01  -1.0480752e+00  -1.1214937e+00
  -1.7529506e-01  -3.5786457e-01  -5.3769416e-01  -7.1511128e-01  -8.8322891e-01  -1.0336745e+00  -1.1006187e+00
  -1.7287026e-01  -3.5349574e-01  -5.3110695e-01  -7.0629800e-01  -8.7180628e-01  -1.0186256e+00  -1.0790396e+00
  -1.7034690e-01  -3.4890672e-01  -5.2417791e-01  -6.9707009e-01  -8.5978079e-01  -1.0028985e+00  -1.0568239e+00
  -1.6773032e-01  -3.4406821e-01  -5.1691325e-01  -6.8740001e-01  -8.4717641e-01  -9.8656044e-01  -1.0339556e+00
  -1.6503294e-01  -3.3899353e-01  -5.0931387e-01  -6.7730731e-01  -8.3405439e-01  -9.6960534e-01  -1.0103734e+00
  -1.6218640e-01  -3.3372706e-01  -5.0137532e-01  -6.6682218e-01  -8.2046003e-01  -9.5204383e-01  -9.8608450e-01
  -1.5922443e-01  -3.2821732e-01  -4.9314644e-01  -6.5593306e-01  -8.0637645e-01  -9.3395048e-01  -9.6116344e-01
  -1.5616835e-01  -3.2246786e-01  -4.8462278e-01  -6.4464173e-01  -7.9176814e-01  -9.1525071e-01  -9.3567236e-01
  -1.5299596e-01  -3.1651773e-01  -4.7578837e-01  -6.3297395e-01  -7.7669992e-01  -8.9591434e-01  -9.0962103e-01
  -1.4972502e-01  -3.1038915e-01  -4.6666274e-01  -6.2092083e-01  -7.6114158e-01  -8.7602749e-01  -8.8301923e-01
  -1.4633954e-01  -3.0408476e-01  -4.5725565e-01  -6.0844863e-01  -7.4508960e-01  -8.5557684e-01  -8.5583231e-01
  -1.4287238e-01  -2.9759037e-01  -4.4760085e-01  -5.9552807e-01  -7.2858302e-01  -8.3456594e-01  -8.2803099e-01
  -1.3933863e-01  -2.9093084e-01  -4.3767169e-01  -5.8221683e-01  -7.1164760e-01  -8.1308714e-01  -7.9968806e-01
  -1.3570366e-01  -2.8407420e-01  -4.2746375e-01  -5.6862503e-01  -6.9427712e-01  -7.9111112e-01  -7.7081952e-01
  -1.3198434e-01  -2.7700979e-01  -4.1696635e-01  -5.5469851e-01  -6.7642630e-01  -7.6862192e-01  -7.4143335e-01
  -1.2818777e-01  -2.6976338e-01  -4.0615554e-01  -5.4038664e-01  -6.5813954e-01  -7.4567102e-01  -7.1156861e-01
  -1.2431929e-01  -2.6234472e-01  -3.9503841e-01  -5.2574627e-01  -6.3945945e-01  -7.2223446e-01  -6.8128569e-01
  -1.2036291e-01  -2.5475647e-01  -3.8365670e-01  -5.1073299e-01  -6.2037716e-01  -6.9825630e-01  -6.5056948e-01
  -1.1633284e-01  -2.4703593e-01  -3.7207344e-01  -4.9535745e-01  -6.0088556e-01  -6.7375251e-01  -6.1938980e-01
  -1.1225482e-01  -2.3920086e-01  -3.6026821e-01  -4.7968182e-01  -5.8100329e-01  -6.4888559e-01  -5.8780615e-01
  -1.0805162e-01  -2.3120508e-01  -3.4823480e-01  -4.6372296e-01  -5.6072770e-01  -6.2370702e-01  -5.5586557e-01
  -1.0374453e-01  -2.2302728e-01  -3.3598742e-01  -4.4743824e-01  -5.4004812e-01  -5.9806588e-01  -5.2358937e-01
  -9.9405474e-02  -2.1469767e-01  -3.2353493e-01  -4.3083567e-01  -5.1899831e-01  -5.7197280e-01  -4.9093671e-01
  -9.5025580e-02  -2.0626683e-01  -3.1089155e-01  -4.1393211e-01  -4.9763329e-01  -5.4552280e-01  -4.5798573e-01
  -9.0621714e-02  -1.9771613e-01  -2.9805107e-01  -3.9675686e-01  -4.7597884e-01  -5.1873097e-01  -4.2474886e-01
  -8.6145042e-02  -1.8905622e-01  -2.8500193e-01  -3.7939605e-01  -4.5397988e-01  -4.9159998e-01  -3.9122165e-01
  -8.1574256e-02  -1.8030842e-01  -2.7175214e-01  -3.6182836e-01  -4.3166307e-01  -4.6410939e-01  -3.5744051e-01
  -7.6978609e-02  -1.7140346e-01  -2.5833365e-01  -3.4402184e-01  -4.0908257e-01  -4.3626099e-01  -3.2343562e-01
  -7.2354550e-02  -1.6235023e-01  -2.4476689e-01  -3.2597204e-01  -3.8623481e-01  -4.0813203e-01  -2.8923540e-01
  -6.7663014e-02  -1.5317624e-01  -2.3104031e-01  -3.0769050e-01  -3.6318462e-01  -3.7980152e-01  -2.5477149e-01
  -6.2911102e-02  -1.4388506e-01  -2.1715213e-01  -2.8921008e-01  -3.3991068e-01  -3.5121974e-01  -2.2017883e-01
  -5.8144984e-02  -1.3450864e-01  -2.0313344e-01  -2.7057074e-01  -3.1640146e-01  -3.2236449e-01  -1.8549117e-01
  -5.3370875e-02  -1.2507895e-01  -1.8900199e-01  -2.5175115e-01  -2.9270401e-01  -2.9334322e-01  -1.5063393e-01
  -4.8547046e-02  -1.1561197e-01  -1.7473825e-01  -2.3273801e-01  -2.6877394e-01  -2.6415591e-01  -1.1565594e-01
  -4.3675272e-02  -1.0608373e-01  -1.6036353e-01  -2.1361299e-01  -2.4467606e-01  -2.3473065e-01  -8.0622009e-02
  -3.8763543e-02  -9.6461367e-02  -1.4590534e-01  -1.9436190e-01  -2.2042813e-01  -2.0508698e-01  -4.5551677e-02
  -3.3842048e-02  -8.6727136e-02  -1.3135659e-01  -1.7500515e-01  -1.9600085e-01  -1.7531811e-01  -1.0416531e-02
  -2.8911674e-02  -7.6943185e-02  -1.1669419e-01  -1.5545663e-01  -1.7145459e-01  -1.4548710e-01   2.4764785e-02
  -2.3934243e-02  -6.7136149e-02  -1.0191904e-01  -1.3570566e-01  -1.4677782e-01  -1.1553711e-01   5.9954980e-02
  -1.8933727e-02  -5.7263411e-02  -8.7049767e-02  -1.1594316e-01  -1.2196254e-01  -8.5506320e-02   9.5073257e-02
  -1.3925221e-02  -4.7365812e-02  -7.2104139e-02  -9.6120277e-02  -9.7042487e-02  -5.5429364e-02   1.3010275e-01
  -8.9690984e-03  -3.7461998e-02  -5.7148745e-02  -7.6239685e-02  -7.2086034e-02  -2.5276051e-02   1.6502569e-01
  -4.0955483e-03  -2.7539539e-02  -4.2209333e-02  -5.6337784e-02  -4.7070982e-02   4.9287589e-03   1.9985452e-01
   8.5080733e-04  -1.7564696e-02  -2.7227303e-02  -3.6398592e-02  -2.1975134e-02   3.5142447e-02   2.3459723e-01
   5.8815106e-03  -7.5587771e-03  -1.2238169e-02  -1.6371501e-02   3.1260415e-03   6.5343705e-02   2.6922806e-01
   1.0894457e-02   2.4116270e-03   2.7704971e-03   3.6919929e-03   2.8210348e-02   9.5499682e-02   3.0370707e-01
   1.5898524e-02   1.2363386e-02   1.7798697e-02   2.3734178e-02   5.3276896e-02   1.2558108e-01   3.3800052e-01
   2.0911470e-02   2.2335566e-02   3.2778951e-02   4.3797672e-02   7.8323024e-02   1.5559322e-01   3.7210307e-01
   2.5903107e-02   3.2294427e-02   4.7766309e-02   6.3828314e-02   1.0336649e-01   1.8551213e-01   4.0596500e-01
   3.0805069e-02   4.2238195e-02   6.2765209e-02   8.3758627e-02   1.2835579e-01   2.1530763e-01   4.3953483e-01
   3.5656422e-02   5.2162430e-02   7.7726818e-02   1.0364632e-01   1.5325720e-01   2.4496019e-01   4.7279479e-01
   4.0513991e-02   6.2022738e-02   9.2623612e-02   1.2349762e-01   1.7802542e-01   2.7448222e-01   5.0576087e-01
   4.5389316e-02   7.1822671e-02   1.0746270e-01   1.4324769e-01   2.0259565e-01   3.0389949e-01   5.3845703e-01
   5.0334784e-02   8.1606622e-02   1.2221921e-01   1.6290454e-01   2.2698830e-01   3.3315073e-01   5.7084865e-01
   5.5314879e-02   9.1383470e-02   1.3683011e-01   1.8245129e-01   2.5125665e-01   3.6214803e-01   6.0289489e-01
   6.0175111e-02   1.0112658e-01   1.5136554e-01   2.0189328e-01   2.7546641e-01   3.9089495e-01   6.3458686e-01
   6.4935902e-02   1.1081997e-01   1.6587966e-01   2.2121007e-01   2.9957583e-01   4.1941813e-01   6.6586776e-01
   6.9671832e-02   1.2044144e-01   1.8028990e-01   2.4035373e-01   3.2349969e-01   4.4770070e-01   6.9669051e-01
   7.4344723e-02   1.2998922e-01   1.9455187e-01   2.5936509e-01   3.4719270e-01   4.7567517e-01   7.2708087e-01
   7.8977660e-02   1.3942335e-01   2.0869397e-01   2.7827524e-01   3.7063266e-01   5.0330249e-01   7.5700687e-01
   8.3548447e-02   1.4874827e-01   2.2274995e-01   2.9700071e-01   3.9387197e-01   5.3063415e-01   7.8645341e-01
   8.8048203e-02   1.5795155e-01   2.3667364e-01   3.1554328e-01   4.1686090e-01   5.5761776e-01   8.1542051e-01
   9.2502678e-02   1.6706072e-01   2.5043662e-01   3.3388520e-01   4.3955950e-01   5.8422047e-01   8.4388152e-01
   9.6911872e-02   1.7608288e-01   2.6406731e-01   3.5201135e-01   4.6198285e-01   6.1048046e-01   8.7181070e-01
   1.0122784e-01   1.8501092e-01   2.7751421e-01   3.6991643e-01   4.8409723e-01   6.3637199e-01   8.9918140e-01
   1.0550918e-01   1.9384574e-01   2.9080219e-01   3.8757379e-01   5.0597543e-01   6.6185954e-01   9.2601672e-01
   1.0977187e-01   2.0248878e-01   3.0391791e-01   4.0497279e-01   5.2757839e-01   6.8688983e-01   9.5231132e-01
   1.1400793e-01   2.1096756e-01   3.1681167e-01   4.2210630e-01   5.4880667e-01   7.1148684e-01   9.7792848e-01
   1.1815965e-01   2.1936821e-01   3.2946481e-01   4.3900276e-01   5.6963363e-01   7.3566300e-01   1.0029019e+00
   1.2216930e-01   2.2764544e-01   3.4188445e-01   4.5562575e-01   5.9008147e-01   7.5937747e-01   1.0273409e+00
   1.2611413e-01   2.3579748e-01   3.5411230e-01   4.7196640e-01   6.1015729e-01   7.8264000e-01   1.0511148e+00
   1.2996841e-01   2.4386074e-01   3.6615281e-01   4.8800606e-01   6.2985488e-01   8.0537959e-01   1.0741918e+00
   1.3371703e-01   2.5179970e-01   3.7796514e-01   5.0372964e-01   6.4916891e-01   8.2755182e-01   1.0966144e+00
   1.3735111e-01   2.5954598e-01   3.8951555e-01   5.1912204e-01   6.6805587e-01   8.4915759e-01   1.1183098e+00
   1.4088664e-01   2.6708451e-01   4.0083689e-01   5.3418416e-01   6.8655039e-01   8.7021377e-01   1.1392772e+00
   1.4432717e-01   2.7443836e-01   4.1190962e-01   5.4892930e-01   7.0460720e-01   8.9073367e-01   1.1595449e+00
   1.4770199e-01   2.8157912e-01   4.2271688e-01   5.6331042e-01   7.2215258e-01   9.1068978e-01   1.1790784e+00
   1.5102976e-01   2.8858048e-01   4.3322227e-01   5.7729910e-01   7.3919544e-01   9.3008741e-01   1.1978562e+00
   1.5424033e-01   2.9540427e-01   4.4340535e-01   5.9089178e-01   7.5573575e-01   9.4887774e-01   1.2158670e+00
   1.5727865e-01   3.0199100e-01   4.5327946e-01   6.0413021e-01   7.7175933e-01   9.6708385e-01   1.2331204e+00
   1.6022907e-01   3.0841969e-01   4.6291562e-01   6.1702326e-01   7.8732388e-01   9.8462761e-01   1.2496129e+00
   1.6312888e-01   3.1470365e-01   4.7230850e-01   6.2951409e-01   8.0243828e-01   1.0014566e+00   1.2652788e+00
   1.6590439e-01   3.2076565e-01   4.8139951e-01   6.4156544e-01   8.1703416e-01   1.0176757e+00   1.2800897e+00
   1.6861509e-01   3.2660479e-01   4.9016644e-01   6.5320215e-01   8.3108399e-01   1.0332786e+00   1.2940970e+00
   1.7128583e-01   3.3221930e-01   4.9860664e-01   6.6443310e-01   8.4459223e-01   1.0481987e+00   1.3072716e+00
   1.7380830e-01   3.3757100e-01   5.0671388e-01   6.7522899e-01   8.5755354e-01   1.0624271e+00   1.3195928e+00
   1.7619226e-01   3.4277176e-01   5.1448729e-01   6.8554277e-01   8.6993596e-01   1.0759497e+00   1.3310520e+00
   1.7846169e-01   3.4778340e-01   5.2195438e-01   6.9540018e-01   8.8173416e-01   1.0887265e+00   1.3416588e+00
   1.8062812e-01   3.5252425e-01   5.2908052e-01   7.0485894e-01   8.9301206e-01   1.1008276e+00   1.3513502e+00
   1.8271642e-01   3.5707953e-01   5.3589148e-01   7.1388176e-01   9.0376346e-01   1.1122211e+00   1.3600587e+00
   1.8470262e-01   3.6142083e-01   5.4238724e-01   7.2248195e-01   9.1390933e-01   1.1228376e+00   1.3678474e+00
   1.8651212e-01   3.6546470e-01   5.4850121e-01   7.3063820e-01   9.2342659e-01   1.1327413e+00   1.3746621e+00
   1.8814672e-01   3.6925286e-01   5.5425382e-01   7.3825374e-01   9.3233654e-01   1.1418946e+00   1.3805171e+00
   1.8966678e-01   3.7283680e-01   5.5967881e-01   7.4539338e-01   9.4067470e-01   1.1503271e+00   1.3854415e+00
   1.9110960e-01   3.7618458e-01   5.6475397e-01   7.5210151e-01   9.4838870e-01   1.1580599e+00   1.3893795e+00
   1.9244676e-01   3.7929085e-01   5.6944025e-01   7.5832931e-01   9.5544655e-01   1.1650042e+00   1.3923488e+00
   1.9366761e-01   3.8219026e-01   5.7377049e-01   7.6405635e-01   9.6191841e-01   1.1712054e+00   1.3943673e+00
   1.9477482e-01   3.8487124e-01   5.7776601e-01   7.6926842e-01   9.6780960e-01   1.1766590e+00   1.3954481e+00
   1.9567958e-01   3.8725568e-01   5.8141792e-01   7.7399661e-01   9.7310503e-01   1.1813153e+00   1.3955816e+00
   1.9646271e-01   3.8935422e-01   5.8468538e-01   7.7820006e-01   9.7780470e-01   1.1852161e+00   1.3947491e+00
   1.9715972e-01   3.9124322e-01   5.8755063e-01   7.8193738e-01   9.8181716e-01   1.1883683e+00   1.3930482e+00
   1.9770490e-01   3.9288007e-01   5.9005808e-01   7.8522189e-01   9.8514330e-01   1.1907393e+00   1.3905900e+00
   1.9812844e-01   3.9427364e-01   5.9217663e-01   7.8797722e-01   9.8788077e-01   1.1924159e+00   1.3873274e+00
   1.9848007e-01   3.9544525e-01   5.9389742e-01   7.9025488e-01   9.9003048e-01   1.1933884e+00   1.3832399e+00
   1.9878197e-01   3.9635227e-01   5.9521068e-01   7.9202468e-01   9.9156933e-01   1.1935814e+00   1.3783596e+00
   1.9892850e-01   3.9700890e-01   5.9615458e-01   7.9324755e-01   9.9246536e-01   1.1930135e+00   1.3727867e+00
   1.9891965e-01   3.9743647e-01   5.9678418e-01   7.9395368e-01   9.9272390e-01   1.1916838e+00   1.3665284e+00
   1.9878028e-01   3.9760922e-01   5.9706041e-01   7.9412975e-01   9.9233962e-01   1.1895923e+00   1.3595101e+00
   1.9850152e-01   3.9751384e-01   5.9693265e-01   7.9379530e-01   9.9130720e-01   1.1867789e+00   1.3517229e+00
   1.9807803e-01   3.9721246e-01   5.9640624e-01   7.9300004e-01   9.8969411e-01   1.1832899e+00   1.3431783e+00
   1.9750627e-01   3.9663940e-01   5.9546786e-01   7.9174397e-01   9.8751544e-01   1.1791181e+00   1.3338533e+00
