   1.2709607e+01   2.4692878e+01   4.5969269e+01   8.1797091e+01   1.4295435e+02   2.4359054e+02   3.2425175e+02
   1.2709607e+01   2.4692878e+01   4.5969269e+01   8.1797091e+01   1.4295435e+02   2.4359054e+02   3.2425175e+02
   1.2662774e+01   2.4591310e+01   4.5690500e+01   8.1036511e+01   1.4035034e+02   2.3366758e+02   2.9645291e+02
   1.2606813e+01   2.4466580e+01   4.5340912e+01   8.0071523e+01   1.3720410e+02   2.2290923e+02   2.7058695e+02
   1.2542448e+01   2.4324794e+01   4.4920807e+01   7.8930927e+01   1.3358528e+02   2.1144660e+02   2.4631573e+02
   1.2472882e+01   2.4156051e+01   4.4430820e+01   7.7603451e+01   1.2957108e+02   1.9952423e+02   2.2363249e+02
   1.2394502e+01   2.3957675e+01   4.3873550e+01   7.6100569e+01   1.2523853e+02   1.8730059e+02   2.0245661e+02
   1.2305332e+01   2.3728688e+01   4.3256162e+01   7.4419168e+01   1.2066508e+02   1.7496563e+02   1.8269638e+02
   1.2206806e+01   2.3471633e+01   4.2573005e+01   7.2587167e+01   1.1583498e+02   1.6264892e+02   1.6427889e+02
   1.2099613e+01   2.3191191e+01   4.1818892e+01   7.0656468e+01   1.1074468e+02   1.5049204e+02   1.4715280e+02
   1.1986521e+01   2.2884109e+01   4.0997496e+01   6.8607423e+01   1.0551082e+02   1.3868238e+02   1.3130340e+02
   1.1866064e+01   2.2553681e+01   4.0124759e+01   6.6444698e+01   1.0020440e+02   1.2728299e+02   1.1660337e+02
   1.1739894e+01   2.2206908e+01   3.9207738e+01   6.4185194e+01   9.4845759e+01   1.1622304e+02   1.0301321e+02
   1.1605774e+01   2.1839676e+01   3.8246264e+01   6.1841781e+01   8.9440358e+01   1.0552204e+02   9.0507866e+01
   1.1460721e+01   2.1445145e+01   3.7247205e+01   5.9425471e+01   8.4017376e+01   9.5298693e+01   7.8983857e+01
   1.1310924e+01   2.1035507e+01   3.6202009e+01   5.6964996e+01   7.8648759e+01   8.5606429e+01   6.8383576e+01
   1.1157756e+01   2.0612376e+01   3.5124127e+01   5.4476862e+01   7.3335335e+01   7.6406104e+01   5.8675383e+01
   1.0996262e+01   2.0168714e+01   3.4026252e+01   5.1946987e+01   6.8108209e+01   6.7675563e+01   4.9766969e+01
   1.0825840e+01   1.9709803e+01   3.2891941e+01   4.9395524e+01   6.2995644e+01   5.9435491e+01   4.1576188e+01
   1.0653330e+01   1.9238795e+01   3.1734954e+01   4.6845662e+01   5.8002495e+01   5.1680578e+01   3.4073422e+01
   1.0476707e+01   1.8751813e+01   3.0572847e+01   4.4315532e+01   5.3161216e+01   4.4469272e+01   2.7200067e+01
   1.0290012e+01   1.8250525e+01   2.9390245e+01   4.1807040e+01   4.8477437e+01   3.7914572e+01   2.0933480e+01
   1.0092985e+01   1.7739520e+01   2.8179372e+01   3.9311611e+01   4.3961226e+01   3.1918389e+01   1.5208599e+01
   9.8890150e+00   1.7218993e+01   2.6959060e+01   3.6836338e+01   3.9611339e+01   2.6392122e+01   9.9635137e+00
   9.6837255e+00   1.6688435e+01   2.5742037e+01   3.4403474e+01   3.5414793e+01   2.1294102e+01   5.1788706e+00
   9.4765573e+00   1.6149440e+01   2.4526406e+01   3.2015630e+01   3.1376800e+01   1.6602327e+01   8.1270424e-01
   9.2648040e+00   1.5602827e+01   2.3312531e+01   2.9655838e+01   2.7511612e+01   1.2278569e+01  -3.1662867e+00
   9.0486995e+00   1.5049452e+01   2.2102483e+01   2.7342660e+01   2.3820218e+01   8.2910026e+00  -6.7882993e+00
   8.8278529e+00   1.4488338e+01   2.0894949e+01   2.5091566e+01   2.0296145e+01   4.6082935e+00  -1.0081169e+01
   8.6043432e+00   1.3920572e+01   1.9696605e+01   2.2897039e+01   1.6933567e+01   1.2005395e+00  -1.3065338e+01
   8.3776997e+00   1.3350348e+01   1.8512013e+01   2.0756601e+01   1.3719603e+01  -1.9495983e+00  -1.5766013e+01
   8.1445266e+00   1.2778593e+01   1.7336736e+01   1.8675917e+01   1.0655593e+01  -4.8626019e+00  -1.8206985e+01
   7.9041970e+00   1.2202066e+01   1.6176885e+01   1.6659654e+01   7.7353480e+00  -7.5505837e+00  -2.0412331e+01
   7.6617897e+00   1.1620132e+01   1.5029629e+01   1.4700419e+01   4.9609074e+00  -1.0024147e+01  -2.2395808e+01
   7.4166625e+00   1.1034550e+01   1.3893507e+01   1.2801771e+01   2.3838258e+00  -1.2298668e+01  -2.4173865e+01
   7.1685107e+00   1.0446485e+01   1.2774004e+01   1.0965842e+01  -2.4434439e-03  -1.4383476e+01  -2.5768762e+01
   6.9190249e+00   9.8590088e+00   1.1670286e+01   9.1859433e+00  -2.2109890e+00  -1.6292998e+01  -2.7195238e+01
   6.6671249e+00   9.2724183e+00   1.0586234e+01   7.4613445e+00  -4.2580742e+00  -1.8047424e+01  -2.8468243e+01
   6.4126041e+00   8.6827729e+00   9.5209248e+00   5.7967430e+00  -6.1563490e+00  -1.9659472e+01  -2.9602934e+01
   6.1520711e+00   8.0936870e+00   8.4730444e+00   4.1879884e+00  -7.9151286e+00  -2.1133586e+01  -3.0613797e+01
   5.8898544e+00   7.5097708e+00   7.4457008e+00   2.6337626e+00  -9.5448027e+00  -2.2477683e+01  -3.1514581e+01
   5.6259902e+00   6.9285249e+00   6.4362931e+00   1.1299868e+00  -1.1056575e+01  -2.3703681e+01  -3.2317294e+01
   5.3577902e+00   6.3480463e+00   5.4418995e+00  -3.2583923e-01  -1.2462096e+01  -2.4821828e+01  -3.3034703e+01
   5.0874537e+00   5.7663981e+00   4.4615815e+00  -1.7344369e+00  -1.3769994e+01  -2.5842785e+01  -3.3679524e+01
   4.8146990e+00   5.1864289e+00   3.4958932e+00  -3.0692404e+00  -1.4989084e+01  -2.6774201e+01  -3.4263262e+01
   4.5389865e+00   4.6108348e+00   2.5459911e+00  -4.3284139e+00  -1.6121307e+01  -2.7624417e+01  -3.4796826e+01
   4.2621977e+00   4.0385416e+00   1.6122384e+00  -5.5193824e+00  -1.7170332e+01  -2.8402987e+01  -3.5292877e+01
   3.9872570e+00   3.4642492e+00   6.9569711e-01  -6.6433605e+00  -1.8147895e+01  -2.9116375e+01  -3.5764347e+01
   3.7108143e+00   2.8901959e+00  -2.0664380e-01  -7.7061598e+00  -1.9061824e+01  -2.9772640e+01  -3.6222183e+01
   3.4321084e+00   2.3201661e+00  -1.0966986e+00  -8.7168353e+00  -1.9918301e+01  -3.0382806e+01  -3.6677786e+01
   3.1547476e+00   1.7501110e+00  -1.9728207e+00  -9.6760643e+00  -2.0724904e+01  -3.0954460e+01  -3.7142402e+01
   2.8754633e+00   1.1836653e+00  -2.8195020e+00  -1.0585840e+01  -2.1486608e+01  -3.1494412e+01  -3.7626971e+01
   2.5948057e+00   6.2243535e-01  -3.6391925e+00  -1.1454993e+01  -2.2208388e+01  -3.2010846e+01  -3.8143396e+01
   2.3147263e+00   6.2063610e-02  -4.4321522e+00  -1.2287440e+01  -2.2896899e+01  -3.2511848e+01  -3.8703979e+01
   2.0338899e+00  -5.0012199e-01  -5.1997899e+00  -1.3085008e+01  -2.3557000e+01  -3.3004905e+01  -3.9319309e+01
   1.7527767e+00  -1.0609217e+00  -5.9449390e+00  -1.3853063e+01  -2.4195373e+01  -3.3496620e+01  -4.0002525e+01
   1.4716612e+00  -1.6110326e+00  -6.6671860e+00  -1.4595734e+01  -2.4817374e+01  -3.3995579e+01  -4.0766638e+01
   1.1883124e+00  -2.1526227e+00  -7.3685265e+00  -1.5317785e+01  -2.5427322e+01  -3.4510386e+01  -4.1623463e+01
   9.0245629e-01  -2.6836987e+00  -8.0540932e+00  -1.6021176e+01  -2.6031056e+01  -3.5048894e+01  -4.2586788e+01
   6.1896421e-01  -3.2070627e+00  -8.7245944e+00  -1.6708572e+01  -2.6634111e+01  -3.5618737e+01  -4.3668476e+01
   3.3854982e-01  -3.7250293e+00  -9.3808801e+00  -1.7384377e+01  -2.7242263e+01  -3.6225794e+01  -4.4882047e+01
   5.6833205e-02  -4.2351195e+00  -1.0024699e+01  -1.8052141e+01  -2.7860533e+01  -3.6878591e+01  -4.6240917e+01
  -2.2500199e-01  -4.7384975e+00  -1.0658411e+01  -1.8715408e+01  -2.8493207e+01  -3.7586767e+01  -4.7759338e+01
  -5.0128711e-01  -5.2360647e+00  -1.1283800e+01  -1.9377511e+01  -2.9146831e+01  -3.8358233e+01  -4.9452804e+01
  -7.7623951e-01  -5.7268410e+00  -1.1902113e+01  -2.0041504e+01  -2.9826879e+01  -3.9201422e+01  -5.1336525e+01
  -1.0509205e+00  -6.2095647e+00  -1.2515388e+01  -2.0709972e+01  -3.0536472e+01  -4.0123650e+01  -5.3427400e+01
  -1.3215672e+00  -6.6841658e+00  -1.3125343e+01  -2.1384822e+01  -3.1280255e+01  -4.1132053e+01  -5.5741472e+01
  -1.5876511e+00  -7.1521532e+00  -1.3732915e+01  -2.2070702e+01  -3.2064522e+01  -4.2236902e+01  -5.8296743e+01
  -1.8484157e+00  -7.6136381e+00  -1.4341306e+01  -2.2771176e+01  -3.2893021e+01  -4.3446511e+01  -6.1109550e+01
  -2.1049710e+00  -8.0698672e+00  -1.4949357e+01  -2.3486520e+01  -3.3773209e+01  -4.4766111e+01  -6.4195819e+01
  -2.3583486e+00  -8.5216685e+00  -1.5556607e+01  -2.4219858e+01  -3.4709522e+01  -4.6205743e+01  -6.7574754e+01
  -2.6108216e+00  -8.9697955e+00  -1.6166444e+01  -2.4973857e+01  -3.5700836e+01  -4.7774470e+01  -7.1272321e+01
  -2.8617642e+00  -9.4141523e+00  -1.6778893e+01  -2.5750631e+01  -3.6755204e+01  -4.9480094e+01  -7.5302860e+01
  -3.1085637e+00  -9.8561779e+00  -1.7394830e+01  -2.6553321e+01  -3.7876833e+01  -5.1330600e+01  -7.9680446e+01
  -3.3536080e+00  -1.0297160e+01  -1.8015571e+01  -2.7384132e+01  -3.9067886e+01  -5.3336464e+01  -8.4436439e+01
  -3.5954138e+00  -1.0734149e+01  -1.8643785e+01  -2.8244221e+01  -4.0336062e+01  -5.5504944e+01  -8.9590394e+01
  -3.8327951e+00  -1.1167104e+01  -1.9280433e+01  -2.9134706e+01  -4.1681914e+01  -5.7843692e+01  -9.5164284e+01
  -4.0676450e+00  -1.1599617e+01  -1.9924817e+01  -3.0058577e+01  -4.3108191e+01  -6.0361143e+01  -1.0117945e+02
  -4.2979947e+00  -1.2028213e+01  -2.0576156e+01  -3.1017583e+01  -4.4623429e+01  -6.3066389e+01  -1.0765665e+02
  -4.5224416e+00  -1.2451942e+01  -2.1234679e+01  -3.2011104e+01  -4.6226631e+01  -6.5968481e+01  -1.1461748e+02
  -4.7447621e+00  -1.2872135e+01  -2.1900793e+01  -3.3038907e+01  -4.7922691e+01  -6.9071339e+01  -1.2208882e+02
  -4.9647971e+00  -1.3289350e+01  -2.2575254e+01  -3.4100511e+01  -4.9716004e+01  -7.2383189e+01  -1.3010990e+02
  -5.1792716e+00  -1.3707188e+01  -2.3255843e+01  -3.5199011e+01  -5.1605265e+01  -7.5912615e+01  -1.3869739e+02
  -5.3888970e+00  -1.4124486e+01  -2.3944491e+01  -3.6336338e+01  -5.3588467e+01  -7.9660322e+01  -1.4788252e+02
  -5.5949586e+00  -1.4538321e+01  -2.4642947e+01  -3.7510657e+01  -5.5665348e+01  -8.3637232e+01  -1.5769248e+02
  -5.7989076e+00  -1.4948209e+01  -2.5348767e+01  -3.8721927e+01  -5.7841687e+01  -8.7852560e+01  -1.6813222e+02
  -5.9991770e+00  -1.5355421e+01  -2.6064007e+01  -3.9973054e+01  -6.0115855e+01  -9.2292548e+01  -1.7925120e+02
  -6.1932157e+00  -1.5759821e+01  -2.6789656e+01  -4.1260826e+01  -6.2484941e+01  -9.6960637e+01  -1.9106399e+02
  -6.3822851e+00  -1.6157982e+01  -2.7521018e+01  -4.2580225e+01  -6.4952418e+01  -1.0187155e+02  -2.0362216e+02
  -6.5681755e+00  -1.6550910e+01  -2.8257023e+01  -4.3933747e+01  -6.7520353e+01  -1.0701199e+02  -2.1699361e+02
  -6.7496678e+00  -1.6942404e+01  -2.8999353e+01  -4.5324178e+01  -7.0172795e+01  -1.1236937e+02  -2.3116095e+02
  -6.9283620e+00  -1.7328514e+01  -2.9744642e+01  -4.6743899e+01  -7.2905641e+01  -1.1795558e+02  -2.4613950e+02
  -7.1028077e+00  -1.7710386e+01  -3.0491153e+01  -4.8187160e+01  -7.5724877e+01  -1.2376406e+02  -2.6198979e+02
  -7.2707459e+00  -1.8089251e+01  -3.1241593e+01  -4.9651555e+01  -7.8630692e+01  -1.2979105e+02  -2.7873467e+02
  -7.4330898e+00  -1.8460905e+01  -3.1994558e+01  -5.1138429e+01  -8.1610820e+01  -1.3605249e+02  -2.9637545e+02
  -7.5885552e+00  -1.8824657e+01  -3.2747226e+01  -5.2651172e+01  -8.4661055e+01  -1.4251022e+02  -3.1498280e+02
  -7.7397973e+00  -1.9181811e+01  -3.3498767e+01  -5.4183570e+01  -8.7776194e+01  -1.4914207e+02  -3.3454147e+02
  -7.8874979e+00  -1.9532779e+01  -3.4246393e+01  -5.5726001e+01  -9.0939477e+01  -1.5593529e+02  -3.5504867e+02
  -8.0309922e+00  -1.9877886e+01  -3.4987377e+01  -5.7274617e+01  -9.4153238e+01  -1.6284771e+02  -3.7658263e+02
  -8.1686657e+00  -2.0214434e+01  -3.5721915e+01  -5.8832289e+01  -9.7399260e+01  -1.6990138e+02  -3.9906614e+02
  -8.3010567e+00  -2.0541525e+01  -3.6448028e+01  -6.0383558e+01  -1.0065710e+02  -1.7706338e+02  -4.2243306e+02
  -8.4282521e+00  -2.0860072e+01  -3.7162616e+01  -6.1918934e+01  -1.0392494e+02  -1.8427373e+02  -4.4652811e+02
  -8.5467302e+00  -2.1171785e+01  -3.7867274e+01  -6.3434814e+01  -1.0718682e+02  -1.9151538e+02  -4.7120136e+02
  -8.6598149e+00  -2.1474742e+01  -3.8553794e+01  -6.4930390e+01  -1.1042170e+02  -1.9877353e+02  -4.9641731e+02
  -8.7703423e+00  -2.1765796e+01  -3.9219542e+01  -6.6409351e+01  -1.1361594e+02  -2.0602366e+02  -5.2178645e+02
  -8.8744230e+00  -2.2044438e+01  -3.9867962e+01  -6.7867125e+01  -1.1676724e+02  -2.1318772e+02  -5.4696179e+02
  -8.9707306e+00  -2.2309044e+01  -4.0489712e+01  -6.9296074e+01  -1.1986974e+02  -2.2019615e+02  -5.7157725e+02
  -9.0629620e+00  -2.2563228e+01  -4.1084447e+01  -7.0682538e+01  -1.2289208e+02  -2.2704608e+02  -5.9495265e+02
  -9.1487506e+00  -2.2807983e+01  -4.1659995e+01  -7.2018448e+01  -1.2580428e+02  -2.3366057e+02  -6.1682500e+02
  -9.2286264e+00  -2.3038760e+01  -4.2212503e+01  -7.3293454e+01  -1.2860678e+02  -2.3996777e+02  -6.3654560e+02
  -9.3048021e+00  -2.3255592e+01  -4.2737800e+01  -7.4499311e+01  -1.3128695e+02  -2.4593337e+02  -6.5308176e+02
  -9.3743148e+00  -2.3461211e+01  -4.3236398e+01  -7.5644875e+01  -1.3380595e+02  -2.5147591e+02  -6.6624997e+02
  -9.4356934e+00  -2.3653074e+01  -4.3703526e+01  -7.6730168e+01  -1.3615268e+02  -2.5659979e+02  -6.7550181e+02
  -9.4926999e+00  -2.3826357e+01  -4.4135064e+01  -7.7735334e+01  -1.3833069e+02  -2.6123378e+02  -6.8030077e+02
  -9.5447787e+00  -2.3983123e+01  -4.4529893e+01  -7.8656348e+01  -1.4031467e+02  -2.6530399e+02  -6.8085022e+02
  -9.5909185e+00  -2.4125164e+01  -4.4885912e+01  -7.9510389e+01  -1.4209121e+02  -2.6882452e+02  -6.7323603e+02
  -9.6320208e+00  -2.4251888e+01  -4.5203905e+01  -8.0271161e+01  -1.4366543e+02  -2.7171947e+02  -6.5740351e+02
  -9.6636509e+00  -2.4364161e+01  -4.5481915e+01  -8.0929592e+01  -1.4500511e+02  -2.7394364e+02  -6.3463679e+02
  -9.6885813e+00  -2.4458244e+01  -4.5719296e+01  -8.1498045e+01  -1.4608926e+02  -2.7547952e+02  -6.0630768e+02
  -9.7072161e+00  -2.4533702e+01  -4.5922176e+01  -8.1970375e+01  -1.4692414e+02  -2.7629370e+02  -5.7368716e+02
  -9.7173117e+00  -2.4592376e+01  -4.6086784e+01  -8.2339586e+01  -1.4750943e+02  -2.7640003e+02  -5.3815032e+02
  -9.7216971e+00  -2.4635674e+01  -4.6203927e+01  -8.2594505e+01  -1.4784177e+02  -2.7486346e+02  -5.0112221e+02
  -9.7201179e+00  -2.4662481e+01  -4.6268149e+01  -8.2747793e+01  -1.4792836e+02  -2.7153940e+02  -4.6331160e+02
  -9.7113801e+00  -2.4670732e+01  -4.6286787e+01  -8.2795174e+01  -1.4752134e+02  -2.6651849e+02  -4.2532939e+02
  -9.6962758e+00  -2.4655033e+01  -4.6254593e+01  -8.2664610e+01  -1.4650444e+02  -2.6002170e+02  -3.8822691e+02
  -9.6706900e+00  -2.4609372e+01  -4.6144501e+01  -8.2331192e+01  -1.4489693e+02  -2.5220088e+02  -3.5511268e+02
  -9.6341581e+00  -2.4535545e+01  -4.5948039e+01  -8.1805542e+01  -1.4271304e+02  -2.4316981e+02  -3.2498414e+02
  -9.5887076e+00  -2.4432310e+01  -4.5671536e+01  -8.1033323e+01  -1.4000216e+02  -2.3315567e+02  -2.9709278e+02
  -9.5350359e+00  -2.4301003e+01  -4.5324806e+01  -8.0060406e+01  -1.3686608e+02  -2.2237453e+02  -2.7109600e+02
  -9.4722138e+00  -2.4146882e+01  -4.4900154e+01  -7.8924884e+01  -1.3330448e+02  -2.1098766e+02  -2.4675434e+02
  -9.4020946e+00  -2.3968067e+01  -4.4405209e+01  -7.7593923e+01  -1.2930034e+02  -1.9919239e+02  -2.2397252e+02
  -9.3254415e+00  -2.3760020e+01  -4.3844244e+01  -7.6088844e+01  -1.2492318e+02  -1.8708495e+02  -2.0269122e+02
  -9.2401369e+00  -2.3523544e+01  -4.3208919e+01  -7.4406489e+01  -1.2023639e+02  -1.7483475e+02  -1.8286422e+02
  -9.1463604e+00  -2.3261641e+01  -4.2506619e+01  -7.2572283e+01  -1.1534137e+02  -1.6260564e+02  -1.6440774e+02
  -9.0431624e+00  -2.2977684e+01  -4.1742651e+01  -7.0609871e+01  -1.1028870e+02  -1.5048219e+02  -1.4726265e+02
  -8.9332987e+00  -2.2677005e+01  -4.0927909e+01  -6.8534305e+01  -1.0508702e+02  -1.3866848e+02  -1.3138352e+02
  -8.8160584e+00  -2.2359308e+01  -4.0067663e+01  -6.6371401e+01  -9.9780235e+01  -1.2715996e+02  -1.1666965e+02
  -8.6910969e+00  -2.2019197e+01  -3.9149670e+01  -6.4112619e+01  -9.4413083e+01  -1.1601189e+02  -1.0309714e+02
  -8.5630299e+00  -2.1654032e+01  -3.8173547e+01  -6.1771951e+01  -8.9017698e+01  -1.0532149e+02  -9.0600565e+01
  -8.4268377e+00  -2.1267689e+01  -3.7163467e+01  -5.9376859e+01  -8.3614888e+01  -9.5128377e+01  -7.9078813e+01
  -8.2795653e+00  -2.0861399e+01  -3.6118832e+01  -5.6925731e+01  -7.8252943e+01  -8.5432584e+01  -6.8479970e+01
  -8.1253031e+00  -2.0438999e+01  -3.5040745e+01  -5.4420871e+01  -7.2981245e+01  -7.6230536e+01  -5.8746004e+01
  -7.9668038e+00  -2.0003740e+01  -3.3939703e+01  -5.1888594e+01  -6.7797914e+01  -6.7524596e+01  -4.9813473e+01
  -7.8025571e+00  -1.9552550e+01  -3.2810980e+01  -4.9348615e+01  -6.2697833e+01  -5.9288061e+01  -4.1642645e+01
  -7.6329797e+00  -1.9083337e+01  -3.1658891e+01  -4.6801974e+01  -5.7709541e+01  -5.1542535e+01  -3.4160856e+01
  -7.4589392e+00  -1.8598245e+01  -3.0486760e+01  -4.4262228e+01  -5.2869497e+01  -4.4341046e+01  -2.7291622e+01
  -7.2760999e+00  -1.8102278e+01  -2.9297006e+01  -4.1743906e+01  -4.8199674e+01  -3.7783617e+01  -2.0989926e+01
  -7.0867345e+00  -1.7591289e+01  -2.8099778e+01  -3.9249962e+01  -4.3695905e+01  -3.1804530e+01  -1.5229397e+01
  -6.8922856e+00  -1.7066446e+01  -2.6896734e+01  -3.6786175e+01  -3.9348701e+01  -2.6305458e+01  -9.9773433e+00
  -6.6914132e+00  -1.6532078e+01  -2.5687913e+01  -3.4362626e+01  -3.5178058e+01  -2.1226226e+01  -5.1905690e+00
  -6.4853217e+00  -1.5990779e+01  -2.4478208e+01  -3.1980928e+01  -3.1173127e+01  -1.6547466e+01  -8.3011810e-01
  -6.2730757e+00  -1.5443295e+01  -2.3270792e+01  -2.9637873e+01  -2.7330984e+01  -1.2227254e+01   3.1457226e+00
  -6.0568057e+00  -1.4888897e+01  -2.2071522e+01  -2.7331829e+01  -2.3657657e+01  -8.2344897e+00   6.7718630e+00
  -5.8374953e+00  -1.4330197e+01  -2.0878314e+01  -2.5076411e+01  -2.0153328e+01  -4.5577337e+00   1.0066683e+01
  -5.6130367e+00  -1.3764951e+01  -1.9691974e+01  -2.2891077e+01  -1.6810252e+01  -1.1642685e+00   1.3055810e+01
  -5.3845270e+00  -1.3192801e+01  -1.8512545e+01  -2.0766166e+01  -1.3613959e+01   1.9711011e+00   1.5763744e+01
  -5.1524422e+00  -1.2616322e+01  -1.7338650e+01  -1.8694083e+01  -1.0567104e+01   4.8613896e+00   1.8210438e+01
  -4.9171392e+00  -1.2036659e+01  -1.6172381e+01  -1.6683243e+01  -7.6697298e+00   7.5285456e+00   2.0413687e+01
  -4.6776745e+00  -1.1454327e+01  -1.5019079e+01  -1.4726910e+01  -4.9126172e+00   9.9946425e+00   2.2396197e+01
  -4.4349393e+00  -1.0872406e+01  -1.3885436e+01  -1.2826132e+01  -2.3462187e+00   1.2271270e+01   2.4179138e+01
  -4.1904956e+00  -1.0292299e+01  -1.2769284e+01  -1.0987440e+01   2.9892404e-02   1.4357310e+01   2.5776780e+01
  -3.9397294e+00  -9.7106392e+00  -1.1669937e+01  -9.2105816e+00   2.2330968e+00   1.6264445e+01   2.7204158e+01
  -3.6839597e+00  -9.1260498e+00  -1.0588494e+01  -7.4885230e+00   4.2791658e+00   1.8018226e+01   2.8477093e+01
  -3.4274697e+00  -8.5408440e+00  -9.5253309e+00  -5.8201339e+00   6.1776956e+00   1.9628766e+01   2.9612796e+01
  -3.1697063e+00  -7.9585595e+00  -8.4810828e+00  -4.2048074e+00   7.9362206e+00   2.1101095e+01   3.0623132e+01
  -2.9116321e+00  -7.3777687e+00  -7.4545197e+00  -2.6426104e+00   9.5647796e+00   2.2445768e+01   3.1522153e+01
  -2.6503561e+00  -6.7990617e+00  -6.4439904e+00  -1.1379168e+00   1.1078397e+01   2.3673442e+01   3.2323687e+01
  -2.3846306e+00  -6.2236598e+00  -5.4493464e+00   3.1521285e-01   1.2484577e+01   2.4795098e+01   3.3040007e+01
  -2.1184666e+00  -5.6468075e+00  -4.4720252e+00   1.7231695e+00   1.3789077e+01   2.5820017e+01   3.3683345e+01
  -1.8516099e+00  -5.0689824e+00  -3.5123011e+00   3.0576585e+00   1.5001076e+01   2.6754604e+01   3.4265753e+01
  -1.5817649e+00  -4.4917629e+00  -2.5680327e+00   4.3171873e+00   1.6125670e+01   2.7605873e+01   3.4800587e+01
  -1.3093088e+00  -3.9151099e+00  -1.6377728e+00   5.5058551e+00   1.7172261e+01   2.8384817e+01   3.5297675e+01
  -1.0368425e+00  -3.3406813e+00  -7.2217627e-01   6.6274155e+00   1.8148952e+01   2.9100786e+01   3.5768595e+01
  -7.6465585e-01  -2.7700117e+00   1.7920258e-01   7.6892208e+00   1.9061001e+01   2.9759716e+01   3.6226204e+01
  -4.9030764e-01  -2.2035717e+00   1.0692729e+00   8.6974485e+00   1.9917103e+01   3.0370382e+01   3.6681585e+01
  -2.1384552e-01  -1.6394172e+00   1.9455495e+00   9.6530267e+00   2.0721526e+01   3.0942664e+01   3.7145673e+01
   6.4335746e-02  -1.0751317e+00   2.7895946e+00   1.0562043e+01   2.1480339e+01   3.1484232e+01   3.7630006e+01
   3.4259340e-01  -5.0922922e-01   3.6045908e+00   1.1428547e+01   2.2200856e+01   3.2001522e+01   3.8146867e+01
   6.1999810e-01   5.5162753e-02   4.3943725e+00   1.2261032e+01   2.2887479e+01   3.2501708e+01   3.8708121e+01
   8.9729119e-01   6.1708051e-01   5.1612296e+00   1.3064011e+01   2.3546693e+01   3.2993932e+01   3.9325542e+01
   1.1731852e+00   1.1766063e+00   5.9064925e+00   1.3833985e+01   2.4184672e+01   3.3485662e+01   4.0010195e+01
   1.4469307e+00   1.7252597e+00   6.6315877e+00   1.4577500e+01   2.4806413e+01   3.3984430e+01   4.0774247e+01
   1.7153563e+00   2.2628565e+00   7.3356739e+00   1.5298725e+01   2.5416081e+01   3.4498849e+01   4.1630072e+01
   1.9770231e+00   2.7909177e+00   8.0200400e+00   1.6000480e+01   2.6020039e+01   3.5036696e+01   4.2591140e+01
   2.2404173e+00   3.3119950e+00   8.6897336e+00   1.6687363e+01   2.6624531e+01   3.5605472e+01   4.3671523e+01
   2.5061522e+00   3.8256690e+00   9.3453319e+00   1.7364950e+01   2.7233411e+01   3.6213066e+01   4.4884957e+01
   2.7688719e+00   4.3292956e+00   9.9895179e+00   1.8035217e+01   2.7851742e+01   3.6867152e+01   4.6245033e+01
   3.0291605e+00   4.8245662e+00   1.0624331e+01   1.8699947e+01   2.8485030e+01   3.7575439e+01   4.7765773e+01
   3.2880442e+00   5.3141744e+00   1.1248935e+01   1.9364191e+01   2.9138702e+01   3.8346476e+01   4.9462845e+01
   3.5440617e+00   5.7971585e+00   1.1867603e+01   2.0029701e+01   2.9818726e+01   3.9188250e+01   5.1350328e+01
   3.7938461e+00   6.2741473e+00   1.2482378e+01   2.0697678e+01   3.0529225e+01   4.0108571e+01   5.3442019e+01
   4.0395517e+00   6.7456207e+00   1.3093080e+01   2.1373368e+01   3.1274627e+01   4.1115529e+01   5.5753679e+01
   4.2841701e+00   7.2101590e+00   1.3700371e+01   2.2060258e+01   3.2058803e+01   4.2218436e+01   5.8304189e+01
   4.5283569e+00   7.6686195e+00   1.4306255e+01   2.2759292e+01   3.2884642e+01   4.3427654e+01   6.1114805e+01
   4.7747905e+00   8.1237166e+00   1.4911359e+01   2.3473778e+01   3.3757508e+01   4.4750439e+01   6.4203473e+01
   5.0217411e+00   8.5764502e+00   1.5514642e+01   2.4206050e+01   3.4684150e+01   4.6192132e+01   6.7587722e+01
   5.2616432e+00   9.0261592e+00   1.6120444e+01   2.4959158e+01   3.5672378e+01   4.7761777e+01   7.1288659e+01
   5.4956587e+00   9.4726697e+00   1.6732471e+01   2.5735090e+01   3.6726149e+01   4.9470162e+01   7.5322447e+01
   5.7275723e+00   9.9155034e+00   1.7348661e+01   2.6534510e+01   3.7847060e+01   5.1326181e+01   7.9705409e+01
   5.9556051e+00   1.0355097e+01   1.7968361e+01   2.7361552e+01   3.9037710e+01   5.3335134e+01   8.4464190e+01
   6.1809788e+00   1.0790096e+01   1.8593940e+01   2.8220135e+01   4.0301328e+01   5.5503210e+01   8.9618618e+01
   6.4026995e+00   1.1221150e+01   1.9228028e+01   2.9108960e+01   4.1645106e+01   5.7843544e+01   9.5191427e+01
   6.6204239e+00   1.1648094e+01   1.9869646e+01   3.0030212e+01   4.3070767e+01   6.0361405e+01   1.0120924e+02
   6.8354786e+00   1.2072576e+01   2.0518418e+01   3.0985004e+01   4.4579861e+01   6.3062738e+01   1.0769460e+02
   7.0479338e+00   1.2495282e+01   2.1176522e+01   3.1974343e+01   4.6177099e+01   6.5960452e+01   1.1467019e+02
   7.2555490e+00   1.2916210e+01   2.1842251e+01   3.2999557e+01   4.7863717e+01   6.9061443e+01   1.2215830e+02
   7.4612108e+00   1.3335702e+01   2.2517456e+01   3.4060546e+01   4.9648889e+01   7.2370658e+01   1.3019568e+02
   7.6657408e+00   1.3749320e+01   2.3202058e+01   3.5157808e+01   5.1533602e+01   7.5889295e+01   1.3881474e+02
   7.8688068e+00   1.4158525e+01   2.3893891e+01   3.6291832e+01   5.3512326e+01   7.9628002e+01   1.4800324e+02
   8.0676935e+00   1.4567639e+01   2.4592132e+01   3.7465364e+01   5.5584248e+01   8.3596630e+01   1.5780077e+02
   8.2596876e+00   1.4974652e+01   2.5297224e+01   3.8676693e+01   5.7752819e+01   8.7796268e+01   1.6828596e+02
   8.4485340e+00   1.5379605e+01   2.6011593e+01   3.9925593e+01   6.0020125e+01   9.2235489e+01   1.7944512e+02
   8.6330394e+00   1.5784433e+01   2.6735634e+01   4.1210797e+01   6.2386619e+01   9.6906723e+01   1.9129762e+02
   8.8125141e+00   1.6187475e+01   2.7466906e+01   4.2530914e+01   6.4852441e+01   1.0180378e+02   2.0390144e+02
   8.9865612e+00   1.6585283e+01   2.8203068e+01   4.3884159e+01   6.7412124e+01   1.0692779e+02   2.1725540e+02
   9.1559692e+00   1.6976992e+01   2.8945821e+01   4.5269812e+01   7.0069714e+01   1.1228327e+02   2.3139395e+02
   9.3209270e+00   1.7363677e+01   2.9693508e+01   4.6688186e+01   7.2817893e+01   1.1787411e+02   2.4637507e+02
   9.4828551e+00   1.7743706e+01   3.0444441e+01   4.8133586e+01   7.5642823e+01   1.2369252e+02   2.6221634e+02
   9.6426646e+00   1.8120848e+01   3.1195334e+01   4.9601275e+01   7.8541602e+01   1.2973792e+02   2.7893947e+02
   9.7969985e+00   1.8492946e+01   3.1943715e+01   5.1088537e+01   8.1509477e+01   1.3599112e+02   2.9657041e+02
   9.9432100e+00   1.8856548e+01   3.2689430e+01   5.2597550e+01   8.4538452e+01   1.4245301e+02   3.1515340e+02
   1.0085352e+01   1.9215761e+01   3.3436845e+01   5.4127172e+01   8.7633687e+01   1.4908687e+02   3.3471998e+02
   1.0225225e+01   1.9571175e+01   3.4184770e+01   5.5668144e+01   9.0791863e+01   1.5585728e+02   3.5521642e+02
   1.0359273e+01   1.9918219e+01   3.4927577e+01   5.7212465e+01   9.3992562e+01   1.6278872e+02   3.7660239e+02
   1.0490364e+01   2.0256520e+01   3.5662148e+01   5.8759499e+01   9.7221357e+01   1.6986373e+02   3.9893425e+02
   1.0619700e+01   2.0585642e+01   3.6386824e+01   6.0306713e+01   1.0046975e+02   1.7703321e+02   4.2214054e+02
   1.0742031e+01   2.0902975e+01   3.7099572e+01   6.1846149e+01   1.0372636e+02   1.8426784e+02   4.4612320e+02
   1.0857810e+01   2.1214800e+01   3.7798764e+01   6.3366528e+01   1.0697204e+02   1.9153187e+02   4.7076212e+02
   1.0968182e+01   2.1518593e+01   3.8485355e+01   6.4866631e+01   1.1019299e+02   1.9877059e+02   4.9593142e+02
   1.1073694e+01   2.1809060e+01   3.9154669e+01   6.6350658e+01   1.1339434e+02   2.0598744e+02   5.2127416e+02
   1.1175543e+01   2.2091029e+01   3.9807543e+01   6.7808454e+01   1.1656290e+02   2.1312764e+02   5.4629745e+02
   1.1272547e+01   2.2362441e+01   4.0442493e+01   6.9237526e+01   1.1966257e+02   2.2010538e+02   5.7077708e+02
   1.1361043e+01   2.2617693e+01   4.1051410e+01   7.0629677e+01   1.2267127e+02   2.2691600e+02   5.9408568e+02
   1.1441088e+01   2.2858969e+01   4.1634550e+01   7.1963115e+01   1.2558033e+02   2.3348745e+02   6.1572877e+02
   1.1515612e+01   2.3089191e+01   4.2193727e+01   7.3243424e+01   1.2838669e+02   2.3979191e+02   6.3524413e+02
   1.1586431e+01   2.3305996e+01   4.2725162e+01   7.4473639e+01   1.3105832e+02   2.4579739e+02   6.5182723e+02
   1.1652135e+01   2.3508705e+01   4.3223188e+01   7.5640144e+01   1.3356865e+02   2.5138536e+02   6.6497191e+02
   1.1712187e+01   2.3699270e+01   4.3689721e+01   7.6734140e+01   1.3592763e+02   2.5653969e+02   6.7425832e+02
   1.1766702e+01   2.3876664e+01   4.4125684e+01   7.7747956e+01   1.3812399e+02   2.6120774e+02   6.7936445e+02
   1.1811288e+01   2.4035423e+01   4.4528853e+01   7.8682958e+01   1.4013944e+02   2.6529908e+02   6.8000424e+02
   1.1849909e+01   2.4175927e+01   4.4893472e+01   7.9526756e+01   1.4196181e+02   2.6880505e+02   6.7202852e+02
   1.1884306e+01   2.4303026e+01   4.5216297e+01   8.0287071e+01   1.4354379e+02   2.7169299e+02   6.5602897e+02
   1.1911225e+01   2.4413650e+01   4.5501205e+01   8.0963260e+01   1.4487400e+02   2.7389941e+02   6.3375257e+02
   1.1932147e+01   2.4508197e+01   4.5743712e+01   8.1536474e+01   1.4598182e+02   2.7547819e+02   6.0571890e+02
   1.1949524e+01   2.4587949e+01   4.5941925e+01   8.2014496e+01   1.4686034e+02   2.7640167e+02   5.7294595e+02
   1.1964447e+01   2.4649861e+01   4.6093967e+01   8.2388642e+01   1.4749407e+02   2.7658584e+02   5.3698099e+02
   1.1971692e+01   2.4694779e+01   4.6203672e+01   8.2648630e+01   1.4786512e+02   2.7520089e+02   4.9971598e+02
   1.1971075e+01   2.4724074e+01   4.6277052e+01   8.2799345e+01   1.4797252e+02   2.7198004e+02   4.6209305e+02
   1.1961359e+01   2.4735922e+01   4.6309307e+01   8.2837009e+01   1.4759690e+02   2.6699372e+02   4.2445134e+02
   1.1941931e+01   2.4725141e+01   4.6282051e+01   8.2690655e+01   1.4659087e+02   2.6045105e+02   3.8747490e+02
   1.1912432e+01   2.4691086e+01   4.6169812e+01   8.2343323e+01   1.4503218e+02   2.5260194e+02   3.5433911e+02
   1.1872641e+01   2.4626395e+01   4.5970188e+01   8.1797241e+01   1.4295435e+02   2.4359054e+02   3.2425175e+02
