   1.1488872e+01   2.2321170e+01   4.1554002e+01   7.3940624e+01   1.2922383e+02   2.2019409e+02   2.9310794e+02
   1.1488872e+01   2.2321170e+01   4.1554002e+01   7.3940624e+01   1.2922383e+02   2.2019409e+02   2.9310794e+02
   1.1446537e+01   2.2229358e+01   4.1302008e+01   7.3253095e+01   1.2686994e+02   2.1122422e+02   2.6797912e+02
   1.1395950e+01   2.2116608e+01   4.0985997e+01   7.2380793e+01   1.2402589e+02   2.0149919e+02   2.4459754e+02
   1.1337768e+01   2.1988440e+01   4.0606242e+01   7.1349749e+01   1.2075464e+02   1.9113752e+02   2.2265753e+02
   1.1274884e+01   2.1835905e+01   4.0163317e+01   7.0149775e+01   1.1712601e+02   1.8036027e+02   2.0215298e+02
   1.1204032e+01   2.1656582e+01   3.9659572e+01   6.8791243e+01   1.1320959e+02   1.6931069e+02   1.8301100e+02
   1.1123427e+01   2.1449589e+01   3.9101484e+01   6.7271337e+01   1.0907541e+02   1.5816049e+02   1.6514871e+02
   1.1034363e+01   2.1217223e+01   3.8483942e+01   6.5615297e+01   1.0470923e+02   1.4702677e+02   1.4850019e+02
   1.0937466e+01   2.0963717e+01   3.7802261e+01   6.3870038e+01   1.0010785e+02   1.3603754e+02   1.3301903e+02
   1.0835237e+01   2.0686130e+01   3.7059758e+01   6.2017800e+01   9.5376692e+01   1.2536218e+02   1.1869194e+02
   1.0726349e+01   2.0387439e+01   3.6270846e+01   6.0062801e+01   9.0579945e+01   1.1505769e+02   1.0540382e+02
   1.0612298e+01   2.0073973e+01   3.5441903e+01   5.8020319e+01   8.5735990e+01   1.0506002e+02   9.3118974e+01
   1.0491060e+01   1.9742014e+01   3.4572777e+01   5.5901986e+01   8.0849768e+01   9.5386829e+01   8.1814744e+01
   1.0359939e+01   1.9385377e+01   3.3669676e+01   5.3717758e+01   7.5947654e+01   8.6145420e+01   7.1397596e+01
   1.0224530e+01   1.9015084e+01   3.2724869e+01   5.1493607e+01   7.1094683e+01   7.7384082e+01   6.1815453e+01
   1.0086073e+01   1.8632593e+01   3.1750516e+01   4.9244455e+01   6.6291604e+01   6.9067432e+01   5.3039716e+01
   9.9400902e+00   1.8231545e+01   3.0758090e+01   4.6957570e+01   6.1566535e+01   6.1175444e+01   4.4986939e+01
   9.7860370e+00   1.7816711e+01   2.9732728e+01   4.4651171e+01   5.6945022e+01   5.3726816e+01   3.7582868e+01
   9.6300965e+00   1.7390942e+01   2.8686867e+01   4.2346218e+01   5.2431457e+01   4.6716749e+01   3.0800730e+01
   9.4704375e+00   1.6950734e+01   2.7636379e+01   4.0059102e+01   4.8055174e+01   4.0198076e+01   2.4587548e+01
   9.3016746e+00   1.6497594e+01   2.6567363e+01   3.7791547e+01   4.3821264e+01   3.4272944e+01   1.8922856e+01
   9.1235713e+00   1.6035670e+01   2.5472792e+01   3.5535800e+01   3.9738827e+01   2.8852683e+01   1.3747840e+01
   8.9391924e+00   1.5565139e+01   2.4369690e+01   3.3298272e+01   3.5806739e+01   2.3857205e+01   9.0065356e+00
   8.7536206e+00   1.5085540e+01   2.3269560e+01   3.1099081e+01   3.2013264e+01   1.9248841e+01   4.6814492e+00
   8.5663505e+00   1.4598314e+01   2.2170687e+01   2.8940585e+01   2.8363114e+01   1.5007702e+01   7.3464542e-01
   8.3749358e+00   1.4104202e+01   2.1073403e+01   2.6807447e+01   2.4869170e+01   1.1099234e+01  -2.8621704e+00
   8.1795877e+00   1.3603978e+01   1.9979579e+01   2.4716445e+01   2.1532328e+01   7.4946663e+00  -6.1362951e+00
   7.9799531e+00   1.3096759e+01   1.8888026e+01   2.2681565e+01   1.8346735e+01   4.1656750e+00  -9.1128903e+00
   7.7779110e+00   1.2583526e+01   1.7804781e+01   2.0697818e+01   1.5307127e+01   1.0852298e+00  -1.1810435e+01
   7.5730363e+00   1.2068070e+01   1.6733966e+01   1.8762966e+01   1.2401859e+01  -1.7623428e+00  -1.4251715e+01
   7.3622590e+00   1.1551232e+01   1.5671573e+01   1.6882128e+01   9.6321419e+00  -4.3955575e+00  -1.6458236e+01
   7.1450127e+00   1.1030079e+01   1.4623123e+01   1.5059523e+01   6.9923813e+00  -6.8253633e+00  -1.8451762e+01
   6.9258882e+00   1.0504039e+01   1.3586060e+01   1.3288469e+01   4.4844209e+00  -9.0613456e+00  -2.0244730e+01
   6.7043050e+00   9.9747011e+00   1.2559060e+01   1.1572183e+01   2.1548635e+00  -1.1117402e+01  -2.1852007e+01
   6.4799878e+00   9.4431184e+00   1.1547083e+01   9.9125918e+00  -2.2087554e-03  -1.3001969e+01  -2.3293717e+01
   6.2544647e+00   8.9120682e+00   1.0549376e+01   8.3036495e+00  -1.9986274e+00  -1.4728084e+01  -2.4583183e+01
   6.0267592e+00   8.3818188e+00   9.5694451e+00   6.7446954e+00  -3.8490936e+00  -1.6314000e+01  -2.5733918e+01
   5.7966847e+00   7.8488077e+00   8.6064566e+00   5.2399759e+00  -5.5650425e+00  -1.7771214e+01  -2.6759624e+01
   5.5611755e+00   7.3163026e+00   7.6592233e+00   3.7857394e+00  -7.1548943e+00  -1.9103742e+01  -2.7673395e+01
   5.3241442e+00   6.7884704e+00   6.7305542e+00   2.3807943e+00  -8.6280411e+00  -2.0318740e+01  -2.8487661e+01
   5.0856237e+00   6.2630522e+00   5.8180984e+00   1.0214535e+00  -9.9946103e+00  -2.1426984e+01  -2.9213274e+01
   4.8431838e+00   5.7383276e+00   4.9192146e+00  -2.9454294e-01  -1.1265133e+01  -2.2437735e+01  -2.9861778e+01
   4.5988127e+00   5.2125456e+00   4.0330544e+00  -1.5678473e+00  -1.2447410e+01  -2.3360631e+01  -3.0444665e+01
   4.3522556e+00   4.6882815e+00   3.1601188e+00  -2.7744452e+00  -1.3549409e+01  -2.4202586e+01  -3.0972335e+01
   4.1030247e+00   4.1679722e+00   2.3014531e+00  -3.9126773e+00  -1.4572884e+01  -2.4971141e+01  -3.1454652e+01
   3.8528210e+00   3.6506468e+00   1.4573858e+00  -4.9892554e+00  -1.5521152e+01  -2.5674930e+01  -3.1903058e+01
   3.6042879e+00   3.1315142e+00   6.2887662e-01  -6.0052774e+00  -1.6404822e+01  -2.6319798e+01  -3.2329244e+01
   3.3543971e+00   2.6125976e+00  -1.8679602e-01  -6.9659967e+00  -1.7230969e+01  -2.6913030e+01  -3.2743106e+01
   3.1024604e+00   2.0973182e+00  -9.9136265e-01  -7.8795985e+00  -1.8005183e+01  -2.7464590e+01  -3.3154949e+01
   2.8517396e+00   1.5820159e+00  -1.7833347e+00  -8.7466952e+00  -1.8734313e+01  -2.7981338e+01  -3.3574939e+01
   2.5992801e+00   1.0699763e+00  -2.5486938e+00  -9.5690888e+00  -1.9422857e+01  -2.8469429e+01  -3.4012967e+01
   2.3455791e+00   5.6265153e-01  -3.2896544e+00  -1.0354761e+01  -2.0075311e+01  -2.8936260e+01  -3.4479789e+01
   2.0924009e+00   5.6102509e-02  -4.0064517e+00  -1.1107253e+01  -2.0697692e+01  -2.9389142e+01  -3.4986529e+01
   1.8385384e+00  -4.5208615e-01  -4.7003592e+00  -1.1828216e+01  -2.1294391e+01  -2.9834842e+01  -3.5542758e+01
   1.5844256e+00  -9.5902206e-01  -5.3739380e+00  -1.2522500e+01  -2.1871450e+01  -3.0279328e+01  -3.6160352e+01
   1.3303107e+00  -1.4562957e+00  -6.0268144e+00  -1.3193840e+01  -2.2433708e+01  -3.0730363e+01  -3.6851074e+01
   1.0741771e+00  -1.9458670e+00  -6.6607924e+00  -1.3846539e+01  -2.2985072e+01  -3.1195723e+01  -3.7625602e+01
   8.1577694e-01  -2.4259341e+00  -7.2805116e+00  -1.4482370e+01  -2.3530819e+01  -3.1682509e+01  -3.8496401e+01
   5.5951378e-01  -2.8990299e+00  -7.8866124e+00  -1.5103743e+01  -2.4075951e+01  -3.2197620e+01  -3.9474195e+01
   3.0603271e-01  -3.3672468e+00  -8.4798629e+00  -1.5714638e+01  -2.4625692e+01  -3.2746370e+01  -4.0571205e+01
   5.1374475e-02  -3.8283437e+00  -9.0618438e+00  -1.6318265e+01  -2.5184578e+01  -3.3336466e+01  -4.1799558e+01
  -2.0339095e-01  -4.2833731e+00  -9.6346891e+00  -1.6917826e+01  -2.5756484e+01  -3.3976623e+01  -4.3172137e+01
  -4.5313936e-01  -4.7331498e+00  -1.0200011e+01  -1.7516335e+01  -2.6347329e+01  -3.4673992e+01  -4.4702949e+01
  -7.0168306e-01  -5.1767879e+00  -1.0758936e+01  -1.8116553e+01  -2.6962060e+01  -3.5436194e+01  -4.6405741e+01
  -9.4998146e-01  -5.6131469e+00  -1.1313307e+01  -1.8720815e+01  -2.7603498e+01  -3.6269843e+01  -4.8295792e+01
  -1.1946330e+00  -6.0421634e+00  -1.1864677e+01  -1.9330847e+01  -2.8275841e+01  -3.7181391e+01  -5.0387601e+01
  -1.4351600e+00  -6.4652014e+00  -1.2413893e+01  -1.9950850e+01  -2.8984781e+01  -3.8180122e+01  -5.2697442e+01
  -1.6708786e+00  -6.8823615e+00  -1.2963849e+01  -2.0584044e+01  -2.9733704e+01  -3.9273549e+01  -5.5240084e+01
  -1.9027922e+00  -7.2947706e+00  -1.3513497e+01  -2.1230680e+01  -3.0529351e+01  -4.0466404e+01  -5.8029923e+01
  -2.1318333e+00  -7.7031772e+00  -1.4062422e+01  -2.1893583e+01  -3.1375733e+01  -4.1767762e+01  -6.1084317e+01
  -2.3600567e+00  -8.1082624e+00  -1.4613685e+01  -2.2575162e+01  -3.2271833e+01  -4.3185816e+01  -6.4426740e+01
  -2.5868967e+00  -8.5099394e+00  -1.5167310e+01  -2.3277328e+01  -3.3224931e+01  -4.4727617e+01  -6.8070152e+01
  -2.8099916e+00  -8.9095092e+00  -1.5724087e+01  -2.4002921e+01  -3.4238830e+01  -4.6400385e+01  -7.2027278e+01
  -3.0314999e+00  -9.3081357e+00  -1.6285207e+01  -2.4753934e+01  -3.5315484e+01  -4.8213590e+01  -7.6326467e+01
  -3.2500806e+00  -9.7031525e+00  -1.6853082e+01  -2.5531413e+01  -3.6461854e+01  -5.0173791e+01  -8.0985393e+01
  -3.4646618e+00  -1.0094523e+01  -1.7428581e+01  -2.6336368e+01  -3.7678439e+01  -5.2287907e+01  -8.6023921e+01
  -3.6769548e+00  -1.0485494e+01  -1.8011073e+01  -2.7171504e+01  -3.8967725e+01  -5.4563561e+01  -9.1461339e+01
  -3.8851799e+00  -1.0872924e+01  -1.8599852e+01  -2.8038398e+01  -4.0337426e+01  -5.7008973e+01  -9.7316419e+01
  -4.0880690e+00  -1.1255955e+01  -1.9195125e+01  -2.8936493e+01  -4.1786644e+01  -5.9632324e+01  -1.0360867e+02
  -4.2890360e+00  -1.1635789e+01  -1.9797260e+01  -2.9865578e+01  -4.3319801e+01  -6.2437158e+01  -1.1036241e+02
  -4.4879370e+00  -1.2012931e+01  -2.0406941e+01  -3.0825216e+01  -4.4940868e+01  -6.5430911e+01  -1.1761307e+02
  -4.6818117e+00  -1.2390637e+01  -2.1022160e+01  -3.1818208e+01  -4.6648669e+01  -6.8621341e+01  -1.2537575e+02
  -4.8713029e+00  -1.2767854e+01  -2.1644664e+01  -3.2846296e+01  -4.8441388e+01  -7.2009088e+01  -1.3367866e+02
  -5.0575726e+00  -1.3141941e+01  -2.2276035e+01  -3.3907824e+01  -5.0318789e+01  -7.5604022e+01  -1.4254640e+02
  -5.2419327e+00  -1.3512460e+01  -2.2914063e+01  -3.5002754e+01  -5.2286094e+01  -7.9414475e+01  -1.5198341e+02
  -5.4229665e+00  -1.3880560e+01  -2.3560605e+01  -3.6133713e+01  -5.4341832e+01  -8.3428010e+01  -1.6203444e+02
  -5.5983681e+00  -1.4246118e+01  -2.4216556e+01  -3.7297796e+01  -5.6483372e+01  -8.7647737e+01  -1.7271262e+02
  -5.7692778e+00  -1.4606036e+01  -2.4877672e+01  -3.8490468e+01  -5.8713852e+01  -9.2086964e+01  -1.8406461e+02
  -5.9373137e+00  -1.4961224e+01  -2.5542986e+01  -3.9713988e+01  -6.1035141e+01  -9.6733678e+01  -1.9615175e+02
  -6.1013740e+00  -1.5315115e+01  -2.6214016e+01  -4.0970870e+01  -6.3432821e+01  -1.0157649e+02  -2.0895835e+02
  -6.2629050e+00  -1.5664140e+01  -2.6887722e+01  -4.2254230e+01  -6.5903182e+01  -1.0662616e+02  -2.2249823e+02
  -6.4205955e+00  -1.6009335e+01  -2.7562531e+01  -4.3558867e+01  -6.8451635e+01  -1.1187674e+02  -2.3682613e+02
  -6.5724035e+00  -1.6351810e+01  -2.8240892e+01  -4.4882610e+01  -7.1078351e+01  -1.1732484e+02  -2.5196270e+02
  -6.7191546e+00  -1.6687768e+01  -2.8921537e+01  -4.6226672e+01  -7.3772243e+01  -1.2298489e+02  -2.6790911e+02
  -6.8596877e+00  -1.7016581e+01  -2.9601912e+01  -4.7594119e+01  -7.6529508e+01  -1.2882236e+02  -2.8472926e+02
  -6.9964033e+00  -1.7339431e+01  -3.0281269e+01  -4.8979333e+01  -7.9345444e+01  -1.3481724e+02  -3.0240935e+02
  -7.1299175e+00  -1.7656690e+01  -3.0957087e+01  -5.0373616e+01  -8.2204899e+01  -1.4095798e+02  -3.2094687e+02
  -7.2596295e+00  -1.7968650e+01  -3.1626901e+01  -5.1773490e+01  -8.5109984e+01  -1.4720647e+02  -3.4041253e+02
  -7.3840797e+00  -1.8272873e+01  -3.2290888e+01  -5.3181551e+01  -8.8044232e+01  -1.5358265e+02  -3.6073654e+02
  -7.5037547e+00  -1.8568547e+01  -3.2947259e+01  -5.4583823e+01  -9.0989164e+01  -1.6005675e+02  -3.8185910e+02
  -7.6187332e+00  -1.8856498e+01  -3.3593212e+01  -5.5971729e+01  -9.3943134e+01  -1.6657456e+02  -4.0363986e+02
  -7.7258317e+00  -1.9138272e+01  -3.4230189e+01  -5.7342011e+01  -9.6891714e+01  -1.7312066e+02  -4.2594329e+02
  -7.8280548e+00  -1.9412131e+01  -3.4850770e+01  -5.8693940e+01  -9.9815890e+01  -1.7968168e+02  -4.4873729e+02
  -7.9279663e+00  -1.9675229e+01  -3.5452573e+01  -6.0030849e+01  -1.0270333e+02  -1.8623544e+02  -4.7166978e+02
  -8.0220502e+00  -1.9927108e+01  -3.6038714e+01  -6.1348606e+01  -1.0555196e+02  -1.9271141e+02  -4.9442707e+02
  -8.1091076e+00  -2.0166299e+01  -3.6600746e+01  -6.2640308e+01  -1.0835646e+02  -1.9904670e+02  -5.1667826e+02
  -8.1924803e+00  -2.0396070e+01  -3.7138358e+01  -6.3893604e+01  -1.1108851e+02  -2.0523870e+02  -5.3780849e+02
  -8.2700291e+00  -2.0617316e+01  -3.7658626e+01  -6.5101202e+01  -1.1372100e+02  -2.1121788e+02  -5.5758004e+02
  -8.3422330e+00  -2.0825927e+01  -3.8158066e+01  -6.6253746e+01  -1.1625433e+02  -2.1691929e+02  -5.7540651e+02
  -8.4110921e+00  -2.1021933e+01  -3.8632909e+01  -6.7343782e+01  -1.1867707e+02  -2.2231190e+02  -5.9035440e+02
  -8.4739283e+00  -2.1207803e+01  -3.9083617e+01  -6.8379317e+01  -1.2095412e+02  -2.2732209e+02  -6.0225783e+02
  -8.5294115e+00  -2.1381238e+01  -3.9505878e+01  -6.9360369e+01  -1.2307546e+02  -2.3195383e+02  -6.1062105e+02
  -8.5809427e+00  -2.1537877e+01  -3.9895968e+01  -7.0268991e+01  -1.2504427e+02  -2.3614273e+02  -6.1495907e+02
  -8.6280194e+00  -2.1679586e+01  -4.0252875e+01  -7.1101543e+01  -1.2683769e+02  -2.3982201e+02  -6.1545574e+02
  -8.6697276e+00  -2.1807984e+01  -4.0574699e+01  -7.1873555e+01  -1.2844360e+02  -2.4300439e+02  -6.0857288e+02
  -8.7068821e+00  -2.1922537e+01  -4.0862149e+01  -7.2561256e+01  -1.2986662e+02  -2.4562129e+02  -5.9426105e+02
  -8.7354742e+00  -2.2024026e+01  -4.1113457e+01  -7.3156446e+01  -1.3107762e+02  -2.4763183e+02  -5.7368104e+02
  -8.7580100e+00  -2.2109072e+01  -4.1328038e+01  -7.3670301e+01  -1.3205764e+02  -2.4902020e+02  -5.4807289e+02
  -8.7748549e+00  -2.2177283e+01  -4.1511431e+01  -7.4097264e+01  -1.3281234e+02  -2.4975617e+02  -5.1858551e+02
  -8.7839809e+00  -2.2230322e+01  -4.1660229e+01  -7.4431013e+01  -1.3334141e+02  -2.4985229e+02  -4.8646192e+02
  -8.7879451e+00  -2.2269461e+01  -4.1766121e+01  -7.4661447e+01  -1.3364183e+02  -2.4846330e+02  -4.5299030e+02
  -8.7865176e+00  -2.2293693e+01  -4.1824175e+01  -7.4800012e+01  -1.3372010e+02  -2.4545852e+02  -4.1881133e+02
  -8.7786190e+00  -2.2301152e+01  -4.1841022e+01  -7.4842842e+01  -1.3335217e+02  -2.4091986e+02  -3.8447724e+02
  -8.7649655e+00  -2.2286960e+01  -4.1811920e+01  -7.4724819e+01  -1.3243295e+02  -2.3504707e+02  -3.5093839e+02
  -8.7418371e+00  -2.2245685e+01  -4.1712403e+01  -7.4423425e+01  -1.3097983e+02  -2.2797743e+02  -3.2100473e+02
  -8.7088141e+00  -2.2178949e+01  -4.1534810e+01  -7.3948262e+01  -1.2900571e+02  -2.1981378e+02  -2.9376999e+02
  -8.6677290e+00  -2.2085629e+01  -4.1284865e+01  -7.3250214e+01  -1.2655520e+02  -2.1076147e+02  -2.6855754e+02
  -8.6192124e+00  -2.1966934e+01  -4.0971437e+01  -7.2370744e+01  -1.2372034e+02  -2.0101584e+02  -2.4505770e+02
  -8.5624242e+00  -2.1827616e+01  -4.0587573e+01  -7.1344287e+01  -1.2050082e+02  -1.9072267e+02  -2.2305401e+02
  -8.4990399e+00  -2.1665976e+01  -4.0140166e+01  -7.0141163e+01  -1.1688127e+02  -1.8006031e+02  -2.0246035e+02
  -8.4297491e+00  -2.1477911e+01  -3.9633081e+01  -6.8780644e+01  -1.1292453e+02  -1.6911576e+02  -1.8322308e+02
  -8.3526379e+00  -2.1264149e+01  -3.9058778e+01  -6.7259876e+01  -1.0868789e+02  -1.5804218e+02  -1.6530044e+02
  -8.2678685e+00  -2.1027401e+01  -3.8423933e+01  -6.5601842e+01  -1.0426303e+02  -1.4698765e+02  -1.4861666e+02
  -8.1745825e+00  -2.0770718e+01  -3.7733342e+01  -6.3827916e+01  -9.9695663e+01  -1.3602864e+02  -1.3311833e+02
  -8.0752710e+00  -2.0498918e+01  -3.6996855e+01  -6.1951705e+01  -9.4993600e+01  -1.2534962e+02  -1.1876436e+02
  -7.9692914e+00  -2.0211736e+01  -3.6219234e+01  -5.9996544e+01  -9.0196518e+01  -1.1494646e+02  -1.0546374e+02
  -7.8563323e+00  -1.9904291e+01  -3.5389412e+01  -5.7954714e+01  -8.5344871e+01  -1.0486915e+02  -9.3194844e+01
  -7.7405658e+00  -1.9574200e+01  -3.4507044e+01  -5.5838863e+01  -8.0467703e+01  -9.5205542e+01  -8.1898539e+01
  -7.6174547e+00  -1.9224965e+01  -3.3593981e+01  -5.3673815e+01  -7.5583824e+01  -8.5991463e+01  -7.1483432e+01
  -7.4843276e+00  -1.8857698e+01  -3.2649682e+01  -5.1458114e+01  -7.0736885e+01  -7.7226934e+01  -6.1902589e+01
  -7.3448819e+00  -1.8475869e+01  -3.1675142e+01  -4.9193842e+01  -6.5971524e+01  -6.8908726e+01  -5.3103553e+01
  -7.2016063e+00  -1.8082415e+01  -3.0679854e+01  -4.6904785e+01  -6.1286043e+01  -6.1038977e+01  -4.5028976e+01
  -7.0531352e+00  -1.7674562e+01  -2.9659542e+01  -4.4608767e+01  -5.6675816e+01  -5.3593547e+01  -3.7642942e+01
  -6.8998454e+00  -1.7250416e+01  -2.8618110e+01  -4.2306726e+01  -5.2166640e+01  -4.6591964e+01  -3.0879766e+01
  -6.7425211e+00  -1.6811916e+01  -2.7558560e+01  -4.0010918e+01  -4.7791474e+01  -4.0082166e+01  -2.4670310e+01
  -6.5772433e+00  -1.6363586e+01  -2.6483080e+01  -3.7734477e+01  -4.3570180e+01  -3.4154566e+01  -1.8973880e+01
  -6.4060661e+00  -1.5901676e+01  -2.5400844e+01  -3.5480072e+01  -3.9498990e+01  -2.8749760e+01  -1.3766640e+01
  -6.2302936e+00  -1.5427244e+01  -2.4313350e+01  -3.3252927e+01  -3.5569327e+01  -2.3778865e+01  -9.0190370e+00
  -6.0487147e+00  -1.4944201e+01  -2.3220634e+01  -3.1062156e+01  -3.1799267e+01  -1.9187484e+01  -4.6920239e+00
  -5.8624178e+00  -1.4454893e+01  -2.2127119e+01  -2.8909215e+01  -2.8179003e+01  -1.4958111e+01  -7.5038671e-01
  -5.6705578e+00  -1.3959993e+01  -2.1035673e+01  -2.6791208e+01  -2.4705891e+01  -1.1052848e+01   2.8435814e+00
  -5.4750601e+00  -1.3458845e+01  -1.9951591e+01  -2.4706655e+01  -2.1385380e+01  -7.4435814e+00   6.1214374e+00
  -5.2768140e+00  -1.2953807e+01  -1.8872988e+01  -2.2667865e+01  -1.8217636e+01  -4.1199713e+00   9.0997954e+00
  -5.0739143e+00  -1.2442851e+01  -1.7800595e+01  -2.0692429e+01  -1.5195657e+01  -1.0524425e+00   1.1801822e+01
  -4.8673526e+00  -1.1925655e+01  -1.6734447e+01  -1.8771612e+01  -1.2306362e+01   1.7817803e+00   1.4249664e+01
  -4.6575591e+00  -1.1404546e+01  -1.5673303e+01  -1.6898549e+01  -9.5521519e+00   4.3944616e+00   1.6461357e+01
  -4.4448565e+00  -1.0880559e+01  -1.4619052e+01  -1.5080847e+01  -6.9330657e+00   6.8054420e+00   1.8452988e+01
  -4.2283920e+00  -1.0354159e+01  -1.3576523e+01  -1.3312416e+01  -4.4407689e+00   9.0346746e+00   2.0245082e+01
  -4.0089712e+00  -9.8281303e+00  -1.2551764e+01  -1.1594205e+01  -2.1208685e+00   1.1092636e+01   2.1856774e+01
  -3.7880058e+00  -9.3037413e+00  -1.1542816e+01  -9.9321156e+00   2.7021291e-02   1.2978315e+01   2.3300965e+01
  -3.5613253e+00  -8.7779493e+00  -1.0549060e+01  -8.3259214e+00   2.0186118e+00   1.4702274e+01   2.4591246e+01
  -3.3301219e+00  -8.2495087e+00  -9.5714872e+00  -6.7692634e+00   3.8681595e+00   1.6287607e+01   2.5741918e+01
  -3.0982672e+00  -7.7205109e+00  -8.6104395e+00  -5.2611202e+00   5.5843387e+00   1.7743458e+01   2.6768539e+01
  -2.8652616e+00  -7.1941538e+00  -7.6664897e+00  -3.8009430e+00   7.1739605e+00   1.9074372e+01   2.7681834e+01
  -2.6319749e+00  -6.6691469e+00  -6.7385261e+00  -2.3887923e+00   8.6460993e+00   2.0289891e+01   2.8494505e+01
  -2.3957940e+00  -6.1460237e+00  -5.8250564e+00  -1.0286219e+00   1.0014336e+01   2.1399650e+01   2.9219054e+01
  -2.1555910e+00  -5.6258881e+00  -4.9259462e+00   2.8493721e-01   1.1285455e+01   2.2413572e+01   2.9866572e+01
  -1.9149916e+00  -5.1044415e+00  -4.0424950e+00   1.5576621e+00   1.2464660e+01   2.3340049e+01   3.0448118e+01
  -1.6737660e+00  -4.5821155e+00  -3.1749508e+00   2.7639758e+00   1.3560249e+01   2.4184871e+01   3.0974588e+01
  -1.4298391e+00  -4.0603369e+00  -2.3213777e+00   3.9025290e+00   1.4576827e+01   2.4954377e+01   3.1458052e+01
  -1.1835520e+00  -3.5390704e+00  -1.4804675e+00   4.9770274e+00   1.5522895e+01   2.5658505e+01   3.1907395e+01
  -9.3725557e-01  -3.0198147e+00  -6.5281250e-01   5.9908638e+00   1.6405777e+01   2.6305707e+01   3.2333084e+01
  -6.9121199e-01  -2.5039570e+00   1.6199048e-01   6.9506846e+00   1.7230225e+01   2.6901347e+01   3.2746741e+01
  -4.4321444e-01  -1.9919225e+00   9.6657110e-01   7.8620738e+00   1.8004100e+01   2.7453360e+01   3.3158383e+01
  -1.9330603e-01  -1.4819541e+00   1.7586829e+00   8.7258703e+00   1.8731260e+01   2.7970676e+01   3.3577896e+01
   5.8156410e-02  -9.7186721e-01   2.5216589e+00   9.5475772e+00   1.9417190e+01   2.8460226e+01   3.4015710e+01
   3.0968790e-01  -4.6031865e-01   3.2583761e+00   1.0330855e+01   2.0068503e+01   2.8927832e+01   3.4482927e+01
   5.6044837e-01   4.9864467e-02   3.9723007e+00   1.1083381e+01   2.0689177e+01   2.9379975e+01   3.4990274e+01
   8.1110794e-01   5.5781101e-01   4.6655025e+00   1.1809236e+01   2.1285075e+01   2.9824923e+01   3.5548393e+01
   1.0605028e+00   1.0635953e+00   5.3391842e+00   1.2505255e+01   2.1861776e+01   3.0269423e+01   3.6167285e+01
   1.3079556e+00   1.5595515e+00   5.9946353e+00   1.3177357e+01   2.2423800e+01   3.0720285e+01   3.6857952e+01
   1.5505994e+00   2.0455131e+00   6.6310952e+00   1.3829309e+01   2.2974911e+01   3.1185295e+01   3.7631577e+01
   1.7871335e+00   2.5228549e+00   7.2497292e+00   1.4463662e+01   2.3520859e+01   3.1671482e+01   3.8500336e+01
   2.0252291e+00   2.9938837e+00   7.8550999e+00   1.5084571e+01   2.4067291e+01   3.2185629e+01   3.9476950e+01
   2.2654407e+00   3.4582202e+00   8.4477291e+00   1.5697077e+01   2.4617689e+01   3.2734864e+01   4.0573835e+01
   2.5029266e+00   3.9134743e+00   9.0300422e+00   1.6302966e+01   2.5176631e+01   3.3326126e+01   4.1803278e+01
   2.7382150e+00   4.3611750e+00   9.6038830e+00   1.6903850e+01   2.5749093e+01   3.3966384e+01   4.3177954e+01
   2.9722333e+00   4.8037572e+00   1.0168494e+01   1.7504294e+01   2.6339980e+01   3.4663364e+01   4.4712025e+01
   3.2036607e+00   5.2403516e+00   1.0727740e+01   1.8105884e+01   2.6954689e+01   3.5424288e+01   4.6418219e+01
   3.4294538e+00   5.6715264e+00   1.1283467e+01   1.8709703e+01   2.7596946e+01   3.6256213e+01   4.8309006e+01
   3.6515598e+00   6.0977156e+00   1.1835513e+01   1.9320493e+01   2.8270754e+01   3.7166455e+01   5.0398636e+01
   3.8726831e+00   6.5176359e+00   1.2384474e+01   1.9941409e+01   2.8979611e+01   3.8163429e+01   5.2704174e+01
   4.0934161e+00   6.9320620e+00   1.2932164e+01   2.0573302e+01   2.9726130e+01   3.9256504e+01   5.5244835e+01
   4.3161803e+00   7.3434478e+00   1.3479149e+01   2.1219163e+01   3.0515158e+01   4.0452238e+01   5.8036842e+01
   4.5394116e+00   7.7526972e+00   1.4024488e+01   2.1881101e+01   3.1352798e+01   4.1755459e+01   6.1096039e+01
   4.7562716e+00   8.1592124e+00   1.4572104e+01   2.2561875e+01   3.2246108e+01   4.3174342e+01   6.4441508e+01
   4.9678103e+00   8.5628363e+00   1.5125347e+01   2.3263280e+01   3.3198667e+01   4.4718639e+01   6.8087858e+01
   5.1774490e+00   8.9631366e+00   1.5682352e+01   2.3985917e+01   3.4211916e+01   4.6396391e+01   7.2049844e+01
   5.3835797e+00   9.3605079e+00   1.6242531e+01   2.4733522e+01   3.5288206e+01   4.8212387e+01   7.6351552e+01
   5.5873066e+00   9.7537259e+00   1.6808024e+01   2.5509640e+01   3.6430456e+01   5.0172224e+01   8.1010906e+01
   5.7877314e+00   1.0143378e+01   1.7381209e+01   2.6313095e+01   3.7645167e+01   5.2287773e+01   8.6048457e+01
   5.9845437e+00   1.0529315e+01   1.7961201e+01   2.7145863e+01   3.8933895e+01   5.4563797e+01   9.1488270e+01
   6.1789428e+00   1.0913026e+01   1.8547660e+01   2.8008949e+01   4.0298044e+01   5.7005672e+01   9.7350719e+01
   6.3709921e+00   1.1295132e+01   1.9142554e+01   2.8903263e+01   4.1741870e+01   5.9625066e+01   1.0365632e+02
   6.5586663e+00   1.1675630e+01   1.9744341e+01   2.9830007e+01   4.3266490e+01   6.2428213e+01   1.1042521e+02
   6.7445746e+00   1.2054831e+01   2.0354693e+01   3.0789090e+01   4.4880200e+01   6.5419583e+01   1.1769061e+02
   6.9294598e+00   1.2428722e+01   2.0973541e+01   3.1780962e+01   4.6583890e+01   6.8600261e+01   1.2548183e+02
   7.1130216e+00   1.2798624e+01   2.1598924e+01   3.2806065e+01   4.8372561e+01   7.1979872e+01   1.3378778e+02
   7.2928057e+00   1.3168443e+01   2.2230101e+01   3.3866881e+01   5.0245478e+01   7.5567320e+01   1.4264428e+02
   7.4663591e+00   1.3536362e+01   2.2867470e+01   3.4961864e+01   5.2205761e+01   7.9363590e+01   1.5212238e+02
   7.6370671e+00   1.3902421e+01   2.3513225e+01   3.6090810e+01   5.4255297e+01   8.3376431e+01   1.6220973e+02
   7.8038510e+00   1.4268366e+01   2.4167723e+01   3.7252572e+01   5.6394493e+01   8.7599002e+01   1.7292382e+02
   7.9660875e+00   1.4632696e+01   2.4828758e+01   3.8445894e+01   5.8623477e+01   9.2025701e+01   1.8431706e+02
   8.1234177e+00   1.4992296e+01   2.5494212e+01   3.9669162e+01   6.0937307e+01   9.6657566e+01   1.9638840e+02
   8.2765544e+00   1.5346382e+01   2.6165625e+01   4.0921726e+01   6.3339641e+01   1.0149866e+02   2.0916897e+02
   8.4256683e+00   1.5695927e+01   2.6841498e+01   4.2203867e+01   6.5823862e+01   1.0655250e+02   2.2271118e+02
   8.5720435e+00   1.6039454e+01   2.7520306e+01   4.3510439e+01   6.8377462e+01   1.1181207e+02   2.3703092e+02
   8.7165035e+00   1.6380372e+01   2.8199077e+01   4.4837160e+01   7.0997818e+01   1.1727682e+02   2.5214782e+02
   8.8560139e+00   1.6716731e+01   2.8875577e+01   4.6181572e+01   7.3680635e+01   1.2292941e+02   2.6808534e+02
   8.9881820e+00   1.7045409e+01   2.9549668e+01   4.7545648e+01   7.6418682e+01   1.2877065e+02   2.8488346e+02
   9.1166720e+00   1.7370121e+01   3.0225294e+01   4.8928352e+01   7.9216625e+01   1.3476734e+02   3.0257071e+02
   9.2431100e+00   1.7691398e+01   3.0901383e+01   5.0321316e+01   8.2071463e+01   1.4088746e+02   3.2109851e+02
   9.3642834e+00   1.8005109e+01   3.1572844e+01   5.1717308e+01   8.4964741e+01   1.4715315e+02   3.4043039e+02
   9.4827833e+00   1.8310917e+01   3.2236861e+01   5.3115751e+01   8.7883416e+01   1.5354861e+02   3.6061731e+02
   9.5996966e+00   1.8608427e+01   3.2891934e+01   5.4514359e+01   9.0819803e+01   1.6002948e+02   3.8159468e+02
   9.7102777e+00   1.8895281e+01   3.3536223e+01   5.5905935e+01   9.3763621e+01   1.6656923e+02   4.0327385e+02
   9.8149361e+00   1.9177155e+01   3.4168259e+01   5.7280284e+01   9.6697560e+01   1.7313557e+02   4.2554624e+02
   9.9147077e+00   1.9451769e+01   3.4788904e+01   5.8636305e+01   9.9609143e+01   1.7967902e+02   4.4829808e+02
   1.0010085e+01   1.9714337e+01   3.5393932e+01   5.9977793e+01   1.0250301e+02   1.8620271e+02   4.7120669e+02
   1.0102151e+01   1.9969224e+01   3.5984098e+01   6.1295571e+01   1.0536724e+02   1.9265710e+02   4.9382654e+02
   1.0189838e+01   2.0214568e+01   3.6558062e+01   6.2587382e+01   1.0816919e+02   1.9896465e+02   5.1595494e+02
   1.0269834e+01   2.0445303e+01   3.7108494e+01   6.3845820e+01   1.1088891e+02   2.0512112e+02   5.3702479e+02
   1.0342191e+01   2.0663405e+01   3.7635624e+01   6.5051183e+01   1.1351856e+02   2.1106139e+02   5.5658910e+02
   1.0409558e+01   2.0871514e+01   3.8141094e+01   6.6208521e+01   1.1605537e+02   2.1676032e+02   5.7423004e+02
   1.0473574e+01   2.1067496e+01   3.8621485e+01   6.7320576e+01   1.1847040e+02   2.2218898e+02   5.8922036e+02
   1.0532968e+01   2.1250735e+01   3.9071677e+01   6.8375040e+01   1.2073962e+02   2.2724024e+02   6.0110252e+02
   1.0587252e+01   2.1422996e+01   3.9493400e+01   6.9363960e+01   1.2287202e+02   2.3189950e+02   6.0949698e+02
   1.0636531e+01   2.1583352e+01   3.9887490e+01   7.0280400e+01   1.2485742e+02   2.3611919e+02   6.1411268e+02
   1.0676835e+01   2.1726862e+01   4.0251935e+01   7.1125597e+01   1.2667929e+02   2.3981757e+02   6.1469102e+02
   1.0711746e+01   2.1853871e+01   4.0581532e+01   7.1888350e+01   1.2832663e+02   2.4298679e+02   6.0748135e+02
   1.0742839e+01   2.1968762e+01   4.0873350e+01   7.2575638e+01   1.2975666e+02   2.4559735e+02   5.9301854e+02
   1.0767172e+01   2.2068762e+01   4.1130894e+01   7.3186881e+01   1.3095910e+02   2.4759185e+02   5.7288174e+02
   1.0786085e+01   2.2154228e+01   4.1350108e+01   7.3705038e+01   1.3196052e+02   2.4901899e+02   5.4754066e+02
   1.0801793e+01   2.2226319e+01   4.1529283e+01   7.4137147e+01   1.3275466e+02   2.4985378e+02   5.1791549e+02
   1.0815283e+01   2.2282285e+01   4.1666722e+01   7.4475357e+01   1.3332752e+02   2.5002026e+02   4.8540491e+02
   1.0821832e+01   2.2322889e+01   4.1765890e+01   7.4710374e+01   1.3366293e+02   2.4876833e+02   4.5171913e+02
   1.0821275e+01   2.2349370e+01   4.1832222e+01   7.4846612e+01   1.3376002e+02   2.4585683e+02   4.1770982e+02
   1.0812492e+01   2.2360080e+01   4.1861379e+01   7.4880660e+01   1.3342047e+02   2.4134944e+02   3.8368353e+02
   1.0794929e+01   2.2350334e+01   4.1836741e+01   7.4748363e+01   1.3251108e+02   2.3543518e+02   3.5025862e+02
   1.0768264e+01   2.2319550e+01   4.1735283e+01   7.4434391e+01   1.3110209e+02   2.2833997e+02   3.2030546e+02
   1.0732294e+01   2.2261073e+01   4.1554831e+01   7.3940759e+01   1.2922383e+02   2.2019409e+02   2.9310794e+02
