   1.9750627000000001e-01   3.9663939999999998e-01   5.9546785999999996e-01   7.9174396999999996e-01   9.8751544000000002e-01   1.1791180999999999e+00   1.3338532999999999e+00
   1.9750627000000001e-01   3.9663939999999998e-01   5.9546785999999996e-01   7.9174396999999996e-01   9.8751544000000002e-01   1.1791180999999999e+00   1.3338532999999999e+00
   1.9683772999999999e-01   3.9573871999999999e-01   5.9415213000000000e-01   7.8998181999999995e-01   9.8473657999999997e-01   1.1742991000000000e+00   1.3237566999999999e+00
   1.9603778999999999e-01   3.9462937999999997e-01   5.9249280000000004e-01   7.8772335000000004e-01   9.8130335999999996e-01   1.1687829999999999e+00   1.3128983999999999e+00
   1.9511621000000001e-01   3.9336378000000000e-01   5.9048453000000001e-01   7.8501916999999999e-01   9.7724507000000005e-01   1.1625372000000000e+00   1.3012188000000000e+00
   1.9411827000000001e-01   3.9185134999999999e-01   5.8812200000000003e-01   7.8182311000000004e-01   9.7259724000000003e-01   1.1555890000000000e+00   1.2887605000000000e+00
   1.9299158999999999e-01   3.9006457000000000e-01   5.8540787999999999e-01   7.7813871999999995e-01   9.6739626000000001e-01   1.1479269999999999e+00   1.2755278999999999e+00
   1.9170687000000000e-01   3.8799011999999999e-01   5.8236613000000004e-01   7.7393049000000003e-01   9.6168299000000002e-01   1.1395679999999999e+00   1.2615079000000000e+00
   1.9028364000000000e-01   3.8564576000000000e-01   5.7895680999999999e-01   7.6923659000000000e-01   9.5538372000000005e-01   1.1305041000000000e+00   1.2466896000000001e+00
   1.8873077999999999e-01   3.8306878000000000e-01   5.7513906000000004e-01   7.6416002000000005e-01   9.4842831000000005e-01   1.1207503000000001e+00   1.2310757999999999e+00
   1.8708736000000001e-01   3.8022365000000002e-01   5.7091378000000004e-01   7.5862085999999995e-01   9.4090644000000001e-01   1.1103856000000001e+00   1.2147117999999999e+00
   1.8533118000000001e-01   3.7713437000000000e-01   5.6634490000000004e-01   7.5259693999999999e-01   9.3286161999999995e-01   1.0994189000000001e+00   1.1975389000000001e+00
   1.8348533000000000e-01   3.7386039999999998e-01   5.6145283000000001e-01   7.4609800000000004e-01   9.2427075999999997e-01   1.0877365999999999e+00   1.1795811000000000e+00
   1.8151606000000001e-01   3.7035737000000002e-01   5.5621982000000003e-01   7.3912316000000000e-01   9.1508502000000003e-01   1.0752988000000001e+00   1.1609005999999999e+00
   1.7937810000000001e-01   3.6655246000000002e-01   5.5066539999999997e-01   7.3166620999999998e-01   9.0529198000000000e-01   1.0621959000000001e+00   1.1414593000000000e+00
   1.7716111000000001e-01   3.6255488000000002e-01   5.4472297999999997e-01   7.2377775000000000e-01   8.9496533000000000e-01   1.0484848000000000e+00   1.1212774000000001e+00
   1.7488464000000001e-01   3.5837439999999998e-01   5.3844760000000003e-01   7.1547731999999997e-01   8.8406068000000004e-01   1.0341159000000000e+00   1.1004349000000000e+00
   1.7247409999999999e-01   3.5393467000000001e-01   5.3189522000000000e-01   7.0668324000000005e-01   8.7259489000000001e-01   1.0190570000000001e+00   1.0788955000000000e+00
   1.6991883999999999e-01   3.4928007000000000e-01   5.2494949999999996e-01   6.9742568999999999e-01   8.6059105000000002e-01   1.0033544999999999e+00   1.0566120000000001e+00
   1.6732006999999999e-01   3.4443546000000003e-01   5.1767173000000000e-01   6.8775439000000005e-01   8.4802785999999997e-01   9.8703039000000004e-01   1.0336573000000000e+00
   1.6464672000000000e-01   3.3935378999999999e-01   5.1015511000000002e-01   6.7771106999999997e-01   8.3495947000000004e-01   9.7009014999999998e-01   1.0100278000000000e+00
   1.6180733999999999e-01   3.3404393999999998e-01   5.0228512999999997e-01   6.6728063999999998e-01   8.2138588000000001e-01   9.5257455999999996e-01   9.8583546000000000e-01
   1.5879571000000001e-01   3.2854675000000000e-01   4.9398629999999999e-01   6.5640184000000001e-01   8.0732661999999999e-01   9.3447298000000001e-01   9.6104197999999996e-01
   1.5566155000000001e-01   3.2285777999999998e-01   4.8536251000000002e-01   6.4507555000000005e-01   7.9277460000000000e-01   9.1572235999999996e-01   9.3557372000000005e-01
   1.5249011000000001e-01   3.1696459999999999e-01   4.7648744999999998e-01   6.3337902000000001e-01   7.7768274999999998e-01   8.9634935000000004e-01   9.0952569000000005e-01
   1.4927249000000001e-01   3.1087786000000001e-01   4.6733538000000002e-01   6.2130958000000003e-01   7.6206439000000004e-01   8.7643740000000003e-01   8.8288100999999997e-01
   1.4596608999999999e-01   3.0460024000000002e-01   4.5789563999999999e-01   6.0876247000000006e-01   7.4597990999999997e-01   8.5599716999999997e-01   8.5565921000000000e-01
   1.4257357000000001e-01   2.9813527000000001e-01   4.4817088999999999e-01   5.9581227000000003e-01   7.2945325999999999e-01   8.3504197999999996e-01   8.2787184000000003e-01
   1.3908782000000000e-01   2.9146519999999998e-01   4.3813717000000002e-01   5.8253533000000002e-01   7.1248179000000000e-01   8.1356293999999996e-01   7.9952955000000003e-01
   1.3554079999999999e-01   2.8459625000000000e-01   4.2783707999999998e-01   5.6889701999999998e-01   6.9506639000000003e-01   7.9152898000000005e-01   7.7069270999999995e-01
   1.3192453000000001e-01   2.7757369999999998e-01   4.1730170999999999e-01   5.5487693999999999e-01   6.7716975999999995e-01   7.6896229999999999e-01   7.4137288000000001e-01
   1.2818396000000001e-01   2.7040553000000001e-01   4.0648487999999999e-01   5.4050880000000001e-01   6.5882918999999995e-01   7.4585135999999996e-01   7.1157358999999998e-01
   1.2430755000000000e-01   2.6304737000000000e-01   3.9543542999999998e-01   5.2582903000000003e-01   6.4004647000000003e-01   7.2223521000000002e-01   6.8126556000000005e-01
   1.2037609000000001e-01   2.5548588000000000e-01   3.8412227999999998e-01   5.1079143999999999e-01   6.2088107000000003e-01   6.9816891999999997e-01   6.5053490000000003e-01
   1.1637892000000000e-01   2.4773882000000000e-01   3.7252501999999998e-01   4.9542977999999999e-01   6.0134631999999999e-01   6.7366313000000000e-01   6.1943932000000002e-01
   1.1231073000000000e-01   2.3981775000000000e-01   3.6069512999999997e-01   4.7977512999999999e-01   5.8141202999999997e-01   6.4878621999999997e-01   5.8791934999999995e-01
   1.0819903000000000e-01   2.3176171000000001e-01   3.4862374000000002e-01   4.6378752000000001e-01   5.6111460000000002e-01   6.2355059999999995e-01   5.5601670000000003e-01
   1.0402606000000000e-01   2.2357427999999999e-01   3.3635524999999999e-01   4.4747584000000001e-01   5.4044959000000004e-01   5.9786839000000003e-01   5.2376157000000001e-01
   9.9788286000000004e-02   2.1519949999999999e-01   3.2388520999999998e-01   4.3090667999999999e-01   5.1942854999999999e-01   5.7171470999999996e-01   4.9116372000000003e-01
   9.5428869999999999e-02   2.0668710000000001e-01   3.1120473999999998e-01   4.1406937999999999e-01   4.9808876000000002e-01   5.4518991000000006e-01   4.5822847999999999e-01
   9.1019733000000005e-02   1.9810544999999999e-01   2.9836002000000000e-01   3.9698259000000002e-01   4.7644976000000000e-01   5.1835878999999996e-01   4.2496117000000000e-01
   8.6561763999999999e-02   1.8942169000000000e-01   2.8533061999999998e-01   3.7963743000000000e-01   4.5450888000000000e-01   4.9120982000000002e-01   3.9141508000000003e-01
   8.2009680000000001e-02   1.8061008000000001e-01   2.7208990000000000e-01   3.6204278000000001e-01   4.3223859999999997e-01   4.6374831000000000e-01   3.5760973000000001e-01
   7.7400773000000006e-02   1.7164309000000000e-01   2.5863609999999998e-01   3.4423237000000001e-01   4.0963893000000001e-01   4.3595384999999998e-01   3.2354956000000001e-01
   7.2730602000000005e-02   1.6256689999999999e-01   2.4498963000000001e-01   3.2617690999999999e-01   3.8669474999999998e-01   4.0787261000000002e-01   2.8928694999999999e-01
   6.7990289999999995e-02   1.5342855000000000e-01   2.3118333999999999e-01   3.0789860000000002e-01   3.6351619000000002e-01   3.7953478000000002e-01   2.5491335999999998e-01
   6.3212687000000004e-02   1.4421740000000000e-01   2.1724299000000000e-01   2.8938057000000000e-01   3.4020444000000000e-01   3.5092436999999999e-01   2.2040659000000001e-01
   5.8449290000000001e-02   1.3485353000000000e-01   2.0320852000000000e-01   2.7069650000000001e-01   3.1668669999999999e-01   3.2212929000000001e-01   1.8569295000000000e-01
   5.3643274999999997e-02   1.2537778999999999e-01   1.8906039999999999e-01   2.5185172000000000e-01   2.9295144000000001e-01   2.9318859000000003e-01   1.5082659000000001e-01
   4.8782212999999998e-02   1.1585943999999999e-01   1.7479508999999999e-01   2.3278320999999999e-01   2.6901818999999999e-01   2.6399663000000001e-01   1.1583416000000001e-01
   4.3930029000000002e-02   1.0623898000000000e-01   1.6041079999999999e-01   2.1357263000000001e-01   2.4486118000000001e-01   2.3457648000000000e-01   8.0758262999999997e-02
   3.9030787999999997e-02   9.6585668000000000e-02   1.4589510000000000e-01   1.9428835999999999e-01   2.2052216999999999e-01   2.0499651999999999e-01   4.5666388000000002e-02
   3.4095144000000001e-02   8.6936795999999997e-02   1.3124801000000000e-01   1.7485403999999999e-01   1.9604731000000000e-01   1.7525763000000000e-01   1.0554979000000001e-02
   2.9158612000000000e-02   7.7227549000000006e-02   1.1650857000000001e-01   1.5528476999999999e-01   1.7142595999999999e-01   1.4536157999999999e-01  -2.4594608000000000e-02
   2.4198996000000000e-02   6.7420636000000006e-02   1.0169810000000000e-01   1.3564535000000000e-01   1.4670516000000000e-01   1.1534567000000000e-01  -5.9681155999999999e-02
   1.9226061999999999e-02   5.7562226000000001e-02   8.6810388000000002e-02   1.1591625999999999e-01   1.2186271999999999e-01   8.5304018999999995e-02  -9.4754386999999995e-02
   1.4246023999999999e-02   4.7674517000000000e-02   7.1903143000000003e-02   9.6101934999999999e-02   9.6920846000000005e-02   5.5208203999999997e-02  -1.2982229000000001e-01
   9.2207056999999999e-03   3.7732648000000001e-02   5.6987906999999997e-02   7.6185502000000002e-02   7.1942565999999999e-02   2.5029816999999999e-02  -1.6481828000000001e-01
   4.1465540999999998e-03   2.7787227000000001e-02   4.2006081000000001e-02   5.6223789000000003e-02   4.6927882999999997e-02  -5.2089455999999998e-03  -1.9975299999999999e-01
  -8.8853111000000002e-04   1.7800964999999998e-02   2.6989626999999999e-02   3.6255861000000000e-02   2.1884789000000002e-02  -3.5469905000000003e-02  -2.3454921000000001e-01
  -5.8703441000000000e-03   7.7427842999999996e-03   1.1968734999999999e-02   1.6268398999999999e-02  -3.1920446000000000e-03  -6.5627871000000004e-02  -2.6918915999999998e-01
  -1.0875242000000000e-02  -2.3260503000000002e-03  -3.0468306000000001e-03  -3.7314928000000002e-03  -2.8278645000000002e-02  -9.5707704000000005e-02  -3.0364176999999998e-01
  -1.5882803000000001e-02  -1.2413530000000001e-02  -1.8063283999999999e-02  -2.3739375000000000e-02  -5.3324402999999999e-02  -1.2577156000000000e-01  -3.3789016999999999e-01
  -2.0832653000000000e-02  -2.2523207000000000e-02  -3.3075298000000003e-02  -4.3747257999999997e-02  -7.8371937000000003e-02  -1.5578745999999999e-01  -3.7193259000000001e-01
  -2.5797595999999999e-02  -3.2620454000000000e-02  -4.8066003000000003e-02  -6.3740934999999999e-02  -1.0341858000000000e-01  -1.8574210999999999e-01  -4.0574592999999998e-01
  -3.0795390999999998e-02  -4.2663540000000000e-02  -6.3038949999999996e-02  -8.3694657000000006e-02  -1.2837733000000001e-01  -2.1558044000000001e-01  -4.3932664999999999e-01
  -3.5755895000000003e-02  -5.2634709000000002e-02  -7.7991477000000003e-02  -1.0356580999999999e-01  -1.5322686999999999e-01  -2.4525184999999999e-01  -4.7264368000000001e-01
  -4.0666677999999998e-02  -6.2549941999999997e-02  -9.2903161999999997e-02  -1.2339612000000000e-01  -1.7800271000000001e-01  -2.7479985000000001e-01  -5.0568723999999998e-01
  -4.5510872000000001e-02  -7.2396809000000006e-02  -1.0781041000000000e-01  -1.4319535000000000e-01  -2.0265602999999999e-01  -3.0419780000000002e-01  -5.3841649000000003e-01
  -5.0306231999999999e-02  -8.2187739999999995e-02  -1.2264396000000000e-01  -1.6288271000000001e-01  -2.2725164000000000e-01  -3.3335158999999998e-01  -5.7078704999999996e-01
  -5.5069629000000002e-02  -9.1927175000000000e-02  -1.3735410000000001e-01  -1.8246353000000001e-01  -2.5175756999999999e-01  -3.6228961999999998e-01  -6.0278913000000001e-01
  -5.9841904000000001e-02  -1.0161866999999999e-01  -1.5198698999999999e-01  -2.0193247000000000e-01  -2.7601047000000001e-01  -3.9100745999999997e-01  -6.3446270999999999e-01
  -6.4609740999999998e-02  -1.1124800000000000e-01  -1.6650889999999999e-01  -2.2127268000000000e-01  -3.0009732000000000e-01  -4.1947491999999997e-01  -6.6573053000000004e-01
  -6.9321641000000003e-02  -1.2083473000000000e-01  -1.8090917000000001e-01  -2.4049567999999999e-01  -3.2400128000000000e-01  -4.4766892000000003e-01  -6.9652866999999996e-01
  -7.4021111000000001e-02  -1.3039570000000000e-01  -1.9518958000000000e-01  -2.5959083999999999e-01  -3.4766817999999999e-01  -4.7560365999999998e-01  -7.2691660999999996e-01
  -7.8677964000000003e-02  -1.3985634000000000e-01  -2.0938387000000000e-01  -2.7852705999999999e-01  -3.7116016000000002e-01  -5.0324274000000002e-01  -7.5685528999999996e-01
  -8.3267337999999996e-02  -1.4920600000000001e-01  -2.2348670000000001e-01  -2.9727861000000000e-01  -3.9439911000000000e-01  -5.3056130000000001e-01  -7.8632162999999999e-01
  -8.7823861000000003e-02  -1.5851303999999999e-01  -2.3745812999999999e-01  -3.1586322999999999e-01  -4.1736192000000000e-01  -5.5754691000000001e-01  -8.1528809000000002e-01
  -9.2307579000000001e-02  -1.6769401000000000e-01  -2.5126087000000003e-01  -3.3427295000000001e-01  -4.4011875000000000e-01  -5.8419423999999998e-01  -8.4372537999999997e-01
  -9.6689191999999993e-02  -1.7672136999999999e-01  -2.6488336000000001e-01  -3.5245892000000001e-01  -4.6258790999999999e-01  -6.1049618999999999e-01  -8.7160952999999997e-01
  -1.0104062000000000e-01  -1.8561733000000000e-01  -2.7832030000000002e-01  -3.7038918999999998e-01  -4.8478537999999999e-01  -6.3640213999999995e-01  -8.9893699000000005e-01
  -1.0535741000000000e-01  -1.9438810000000001e-01  -2.9157520999999997e-01  -3.8803534000000001e-01  -5.0671738000000000e-01  -6.6190766999999995e-01  -9.2573970999999999e-01
  -1.0957388000000000e-01  -2.0310381999999999e-01  -3.0459574000000000e-01  -4.0543288000000000e-01  -5.2832352999999999e-01  -6.8701100000000004e-01  -9.5196265999999996e-01
  -1.1370245000000000e-01  -2.1173429999999999e-01  -3.1741382000000001e-01  -4.2259513999999998e-01  -5.4955145000000005e-01  -7.1165794999999998e-01  -9.7760137999999996e-01
  -1.1776710000000000e-01  -2.2021473999999999e-01  -3.3005611000000001e-01  -4.3948039000000000e-01  -5.7038071000000001e-01  -7.3587163000000000e-01  -1.0026355000000000e+00
  -1.2179534000000000e-01  -2.2853269000000001e-01  -3.4247377000000001e-01  -4.5608062999999999e-01  -5.9085483000000005e-01  -7.5965912999999996e-01  -1.0269921000000000e+00
  -1.2575521000000001e-01  -2.3671213999999999e-01  -3.5470141999999999e-01  -4.7242960000000001e-01  -6.1094360999999997e-01  -7.8290503000000000e-01  -1.0507112999999999e+00
  -1.2959522000000001e-01  -2.4474863999999999e-01  -3.6675328000000001e-01  -4.8848024000000001e-01  -6.3061509000000004e-01  -8.0561022000000004e-01  -1.0737467999999999e+00
  -1.3333934000000000e-01  -2.5257383000000000e-01  -3.7855119999999998e-01  -5.0417396999999997e-01  -6.4989680000000005e-01  -8.2782884999999995e-01  -1.0961278999999999e+00
  -1.3702220000000001e-01  -2.6020901000000002e-01  -3.9008365000000000e-01  -5.1954982999999999e-01  -6.6880205000000004e-01  -8.4948458000000004e-01  -1.1178954999999999e+00
  -1.4061894000000000e-01  -2.6772877000000000e-01  -4.0138348000000001e-01  -5.3464513000000002e-01  -6.8721807999999995e-01  -8.7052589999999996e-01  -1.1389431000000001e+00
  -1.4416063000000001e-01  -2.7505763000000000e-01  -4.1240630000000000e-01  -5.4938438999999994e-01  -7.0513691000000001e-01  -8.9100785999999998e-01  -1.1592377000000000e+00
  -1.4761795999999999e-01  -2.8221958000000003e-01  -4.2313699999999999e-01  -5.6372500000000003e-01  -7.2261801999999997e-01  -9.1091182000000004e-01  -1.1788105000000000e+00
  -1.5094568000000000e-01  -2.8923947000000000e-01  -4.3362531999999998e-01  -5.7766518000000000e-01  -7.3967738999999999e-01  -9.3023599999999995e-01  -1.1976374999999999e+00
  -1.5416151000000000e-01  -2.9604183000000001e-01  -4.4386059000000000e-01  -5.9123956000000000e-01  -7.5626086000000003e-01  -9.4904166000000001e-01  -1.2156787000000000e+00
  -1.5723972999999999e-01  -3.0261866999999998e-01  -4.5381528999999998e-01  -6.0449695999999997e-01  -7.7237020000000001e-01  -9.6722580999999996e-01  -1.2329724000000000e+00
  -1.6023272000000000e-01  -3.0899840000000001e-01  -4.6349120999999999e-01  -6.1739922000000003e-01  -7.8800453999999998e-01  -9.8475561000000000e-01  -1.2494722000000000e+00
  -1.6315378000000000e-01  -3.1519257000000001e-01  -4.7286613000000000e-01  -6.2988772999999998e-01  -8.0311060000000001e-01  -1.0016337000000000e+00  -1.2651597000000001e+00
  -1.6598961000000001e-01  -3.2121094000000000e-01  -4.8192142999999998e-01  -6.4195895000000003e-01  -8.1773454000000001e-01  -1.0177980000000000e+00  -1.2800845000000001e+00
  -1.6870824000000001e-01  -3.2701089999999999e-01  -4.9067572999999998e-01  -6.5366168999999996e-01  -8.3182752999999998e-01  -1.0333469000000000e+00  -1.2941871000000000e+00
  -1.7132032999999999e-01  -3.3258267000000002e-01  -4.9912106000000001e-01  -6.6490629999999995e-01  -8.4534251999999999e-01  -1.0482476999999999e+00  -1.3074436000000000e+00
  -1.7382765000000000e-01  -3.3794756999999997e-01  -5.0723786999999998e-01  -6.7565812999999997e-01  -8.5831679999999999e-01  -1.0624258000000000e+00  -1.3198052000000000e+00
  -1.7616093999999999e-01  -3.4313933000000002e-01  -5.1506079999999999e-01  -6.8592785999999994e-01  -8.7072994999999997e-01  -1.0759069000000001e+00  -1.3312592999999999e+00
  -1.7838592000000000e-01  -3.4813043999999999e-01  -5.2251526999999998e-01  -6.9574387999999998e-01  -8.8254821999999999e-01  -1.0887203000000001e+00  -1.3418654999999999e+00
  -1.8055851000000001e-01  -3.5287470999999998e-01  -5.2959237999999997e-01  -7.0516036000000004e-01  -8.9377072999999996e-01  -1.1008776000000000e+00  -1.3515474000000001e+00
  -1.8260235999999999e-01  -3.5737038999999998e-01  -5.3634720999999996e-01  -7.1417463999999997e-01  -9.0443653999999996e-01  -1.1123069000000001e+00  -1.3602909000000001e+00
  -1.8449172000000000e-01  -3.6159792000000002e-01  -5.4269982000000005e-01  -7.2276629000000003e-01  -9.1456875000000004e-01  -1.1229663000000001e+00  -1.3681029000000000e+00
  -1.8629940000000000e-01  -3.6562125000000001e-01  -5.4866621000000004e-01  -7.3088204000000001e-01  -9.2410786000000000e-01  -1.1329217000000000e+00  -1.3749169999999999e+00
  -1.8797922000000000e-01  -3.6946077999999999e-01  -5.5434139000000004e-01  -7.3850590999999999e-01  -9.3300680999999996e-01  -1.1421277000000001e+00  -1.3808157999999999e+00
  -1.8954183999999999e-01  -3.7304994000000002e-01  -5.5970047000000001e-01  -7.4561038000000002e-01  -9.4131445000000002e-01  -1.1505551000000001e+00  -1.3857733000000001e+00
  -1.9103076999999999e-01  -3.7639493000000002e-01  -5.6471685000000005e-01  -7.5218123000000003e-01  -9.4903607999999995e-01  -1.1582285999999999e+00  -1.3896831999999999e+00
  -1.9238830000000001e-01  -3.7954282000000000e-01  -5.6940913999999998e-01  -7.5829572000000001e-01  -9.5610247000000004e-01  -1.1651111000000001e+00  -1.3926457000000001e+00
  -1.9358601000000000e-01  -3.8245897000000001e-01  -5.7374541000000001e-01  -7.6397782000000003e-01  -9.6252605000000002e-01  -1.1712726000000000e+00  -1.3946485000000000e+00
  -1.9469760000000000e-01  -3.8507501999999999e-01  -5.7770076999999997e-01  -7.6914673000000000e-01  -9.6835563000000002e-01  -1.1766847000000000e+00  -1.3956603000000001e+00
  -1.9571240000000001e-01  -3.8742737999999999e-01  -5.8127790999999995e-01  -7.7380599999999999e-01  -9.7355837999999995e-01  -1.1813164000000000e+00  -1.3957746000000000e+00
  -1.9661090000000001e-01  -3.8954710999999997e-01  -5.8446969999999998e-01  -7.7806306999999997e-01  -9.7813251999999995e-01  -1.1852334000000000e+00  -1.3949814000000000e+00
  -1.9741084000000000e-01  -3.9142888999999997e-01  -5.8729392000000002e-01  -7.8180428000000002e-01  -9.8212067000000003e-01  -1.1883930000000000e+00  -1.3933030000000000e+00
  -1.9802611000000001e-01  -3.9308871000000001e-01  -5.8974256999999997e-01  -7.8500389999999998e-01  -9.8546688000000005e-01  -1.1907828000000000e+00  -1.3907989000000001e+00
  -1.9851086000000001e-01  -3.9447417000000001e-01  -5.9181832000000001e-01  -7.8773826000000002e-01  -9.8814274999999996e-01  -1.1924135000000000e+00  -1.3875090999999999e+00
  -1.9887308000000001e-01  -3.9558173000000002e-01  -5.9358153000000002e-01  -7.8999052000000003e-01  -9.9018379000000001e-01  -1.1932708999999999e+00  -1.3834468000000000e+00
  -1.9906926999999999e-01  -3.9644067999999999e-01  -5.9500469000000000e-01  -7.9173846000000003e-01  -9.9160422000000004e-01  -1.1933824000000000e+00  -1.3786342000000000e+00
  -1.9915447999999999e-01  -3.9707323000000000e-01  -5.9601322000000001e-01  -7.9293859000000000e-01  -9.9240667999999999e-01  -1.1927517000000001e+00  -1.3731149000000000e+00
  -1.9913137000000000e-01  -3.9746428000000000e-01  -5.9656449000000000e-01  -7.9365748999999997e-01  -9.9261516000000005e-01  -1.1913769999999999e+00  -1.3668515999999999e+00
  -1.9900349000000001e-01  -3.9758452999999999e-01  -5.9672420999999998e-01  -7.9387918999999996e-01  -9.9219858000000005e-01  -1.1892662000000001e+00  -1.3597971000000000e+00
  -1.9878238000000001e-01  -3.9744552000000000e-01  -5.9657316999999999e-01  -7.9358059000000003e-01  -9.9115427000000000e-01  -1.1864656000000000e+00  -1.3520067000000000e+00
  -1.9840767000000001e-01  -3.9704103000000002e-01  -5.9605633000000002e-01  -7.9281674999999996e-01  -9.8948934000000000e-01  -1.1829812000000000e+00  -1.3434855000000001e+00
  -1.9787225999999999e-01  -3.9638616999999998e-01  -5.9513196000000002e-01  -7.9160719999999996e-01  -9.8719668999999999e-01  -1.1787911000000000e+00  -1.3341723000000001e+00
  -1.9720544000000001e-01  -3.9546849000000001e-01  -5.9382581000000001e-01  -7.8981787000000003e-01  -9.8429761999999998e-01  -1.1739162999999999e+00  -1.3240698000000000e+00
  -1.9641697999999999e-01  -3.9429777999999999e-01  -5.9217871000000000e-01  -7.8754020999999996e-01  -9.8086494999999996e-01  -1.1683722000000001e+00  -1.3131842000000000e+00
  -1.9549268000000000e-01  -3.9291841000000000e-01  -5.9014717000000005e-01  -7.8484701999999995e-01  -9.7685869999999997e-01  -1.1621478999999999e+00  -1.3014950999999999e+00
  -1.9445916999999999e-01  -3.9131085999999998e-01  -5.8775869999999997e-01  -7.8164153999999997e-01  -9.7221053000000002e-01  -1.1552541000000001e+00  -1.2890069000000000e+00
  -1.9332710000000000e-01  -3.8943074000000000e-01  -5.8502396000000001e-01  -7.7795038999999999e-01  -9.6694261999999997e-01  -1.1476483000000000e+00  -1.2757293999999999e+00
  -1.9206451999999999e-01  -3.8728069999999998e-01  -5.8189057000000000e-01  -7.7373806000000001e-01  -9.6107008000000005e-01  -1.1393340000000001e+00  -1.2616776000000001e+00
  -1.9067319999999999e-01  -3.8488294000000001e-01  -5.7838071999999996e-01  -7.6903650999999995e-01  -9.5465948000000000e-01  -1.1303253000000000e+00  -1.2468401000000000e+00
  -1.8913805000000000e-01  -3.8226322000000001e-01  -5.7450595000000004e-01  -7.6387415999999997e-01  -9.4772149000000006e-01  -1.1205939000000000e+00  -1.2312194999999999e+00
  -1.8749900999999999e-01  -3.7946593000000001e-01  -5.7030623000000003e-01  -7.5825810000000005e-01  -9.4021082000000000e-01  -1.1102232999999999e+00  -1.2148353000000001e+00
  -1.8574455000000001e-01  -3.7648395000000001e-01  -5.6579396999999998e-01  -7.5222564000000003e-01  -9.3212925000000002e-01  -1.0991485999999999e+00  -1.1976547000000000e+00
  -1.8386844999999999e-01  -3.7326136999999998e-01  -5.6088839000000001e-01  -7.4571993000000003e-01  -9.2348476999999995e-01  -1.0873591000000000e+00  -1.1797283000000001e+00
  -1.8193908000000000e-01  -3.6976620999999998e-01  -5.5556640000000002e-01  -7.3874366000000002e-01  -9.1427115999999997e-01  -1.0749082000000001e+00  -1.1610738000000000e+00
  -1.7988008000000000e-01  -3.6602776999999997e-01  -5.4993897999999997e-01  -7.3134209999999999e-01  -9.0446623000000004e-01  -1.0618171000000001e+00  -1.1416531000000001e+00
  -1.7764527999999999e-01  -3.6205049000000000e-01  -5.4398570999999996e-01  -7.2347528999999999e-01  -8.9410195000000003e-01  -1.0480752000000000e+00  -1.1214937000000000e+00
  -1.7529506000000000e-01  -3.5786456999999999e-01  -5.3769416000000003e-01  -7.1511128000000002e-01  -8.8322891000000003e-01  -1.0336745000000001e+00  -1.1006187000000001e+00
  -1.7287026000000000e-01  -3.5349574000000000e-01  -5.3110694999999997e-01  -7.0629799999999998e-01  -8.7180628000000004e-01  -1.0186256000000000e+00  -1.0790396000000000e+00
  -1.7034690000000000e-01  -3.4890672000000000e-01  -5.2417791000000002e-01  -6.9707008999999998e-01  -8.5978078999999996e-01  -1.0028984999999999e+00  -1.0568238999999999e+00
  -1.6773031999999999e-01  -3.4406820999999999e-01  -5.1691324999999999e-01  -6.8740000999999995e-01  -8.4717640999999999e-01  -9.8656043999999998e-01  -1.0339556000000001e+00
  -1.6503293999999999e-01  -3.3899352999999999e-01  -5.0931386999999995e-01  -6.7730731000000000e-01  -8.3405439000000003e-01  -9.6960533999999998e-01  -1.0103734000000000e+00
  -1.6218640000000001e-01  -3.3372706000000002e-01  -5.0137531999999996e-01  -6.6682218000000004e-01  -8.2046003000000001e-01  -9.5204383000000004e-01  -9.8608450000000003e-01
  -1.5922443000000000e-01  -3.2821731999999998e-01  -4.9314644000000002e-01  -6.5593305999999996e-01  -8.0637645000000002e-01  -9.3395048000000003e-01  -9.6116343999999998e-01
  -1.5616835000000001e-01  -3.2246786000000000e-01  -4.8462277999999998e-01  -6.4464173000000002e-01  -7.9176813999999995e-01  -9.1525071000000002e-01  -9.3567235999999998e-01
  -1.5299595999999999e-01  -3.1651773000000000e-01  -4.7578837000000002e-01  -6.3297395000000001e-01  -7.7669991999999999e-01  -8.9591434000000003e-01  -9.0962103000000005e-01
  -1.4972501999999999e-01  -3.1038915000000000e-01  -4.6666274000000002e-01  -6.2092082999999998e-01  -7.6114157999999998e-01  -8.7602749000000002e-01  -8.8301923000000004e-01
  -1.4633953999999999e-01  -3.0408476000000001e-01  -4.5725565000000001e-01  -6.0844863000000005e-01  -7.4508960000000002e-01  -8.5557684000000001e-01  -8.5583231000000004e-01
  -1.4287237999999999e-01  -2.9759036999999999e-01  -4.4760084999999999e-01  -5.9552806999999996e-01  -7.2858301999999997e-01  -8.3456593999999995e-01  -8.2803099000000002e-01
  -1.3933862999999999e-01  -2.9093084000000002e-01  -4.3767169000000000e-01  -5.8221683000000002e-01  -7.1164760000000005e-01  -8.1308714000000004e-01  -7.9968806000000003e-01
  -1.3570366000000000e-01  -2.8407420000000000e-01  -4.2746374999999998e-01  -5.6862502999999998e-01  -6.9427711999999997e-01  -7.9111111999999995e-01  -7.7081951999999998e-01
  -1.3198434000000001e-01  -2.7700978999999998e-01  -4.1696634999999999e-01  -5.5469851000000003e-01  -6.7642630000000004e-01  -7.6862191999999996e-01  -7.4143334999999999e-01
  -1.2818777000000001e-01  -2.6976338000000000e-01  -4.0615553999999998e-01  -5.4038664000000003e-01  -6.5813953999999997e-01  -7.4567101999999996e-01  -7.1156861000000005e-01
  -1.2431929000000000e-01  -2.6234471999999998e-01  -3.9503841000000001e-01  -5.2574626999999996e-01  -6.3945945000000004e-01  -7.2223446000000002e-01  -6.8128569000000005e-01
  -1.2036291000000000e-01  -2.5475647000000001e-01  -3.8365670000000002e-01  -5.1073299000000005e-01  -6.2037715999999998e-01  -6.9825630000000005e-01  -6.5056948000000003e-01
  -1.1633284000000001e-01  -2.4703592999999999e-01  -3.7207343999999998e-01  -4.9535744999999998e-01  -6.0088556000000004e-01  -6.7375251000000003e-01  -6.1938979999999999e-01
  -1.1225482000000001e-01  -2.3920085999999999e-01  -3.6026820999999998e-01  -4.7968181999999998e-01  -5.8100328999999995e-01  -6.4888559000000001e-01  -5.8780615000000003e-01
  -1.0805162000000000e-01  -2.3120508000000001e-01  -3.4823480000000001e-01  -4.6372296000000002e-01  -5.6072770000000005e-01  -6.2370702000000000e-01  -5.5586557000000003e-01
  -1.0374453000000000e-01  -2.2302727999999999e-01  -3.3598741999999998e-01  -4.4743823999999999e-01  -5.4004812000000002e-01  -5.9806588000000005e-01  -5.2358937000000005e-01
  -9.9405473999999994e-02  -2.1469767000000001e-01  -3.2353493000000000e-01  -4.3083567000000000e-01  -5.1899830999999996e-01  -5.7197279999999995e-01  -4.9093671000000000e-01
  -9.5025579999999998e-02  -2.0626683000000001e-01  -3.1089155000000002e-01  -4.1393211000000002e-01  -4.9763329000000001e-01  -5.4552279999999997e-01  -4.5798572999999998e-01
  -9.0621714000000006e-02  -1.9771612999999999e-01  -2.9805106999999997e-01  -3.9675685999999999e-01  -4.7597884000000001e-01  -5.1873097000000001e-01  -4.2474886000000001e-01
  -8.6145042000000005e-02  -1.8905622000000000e-01  -2.8500193000000001e-01  -3.7939604999999998e-01  -4.5397988000000000e-01  -4.9159997999999999e-01  -3.9122164999999998e-01
  -8.1574255999999998e-02  -1.8030842000000000e-01  -2.7175213999999998e-01  -3.6182836000000002e-01  -4.3166306999999998e-01  -4.6410939000000001e-01  -3.5744050999999999e-01
  -7.6978609000000003e-02  -1.7140346000000001e-01  -2.5833365000000003e-01  -3.4402184000000002e-01  -4.0908256999999998e-01  -4.3626099000000002e-01  -3.2343561999999998e-01
  -7.2354550000000004e-02  -1.6235023000000001e-01  -2.4476688999999999e-01  -3.2597204000000002e-01  -3.8623480999999998e-01  -4.0813202999999998e-01  -2.8923539999999998e-01
  -6.7663013999999994e-02  -1.5317623999999999e-01  -2.3104031000000000e-01  -3.0769049999999998e-01  -3.6318462000000001e-01  -3.7980152000000000e-01  -2.5477148999999999e-01
  -6.2911101999999997e-02  -1.4388506000000001e-01  -2.1715213000000000e-01  -2.8921007999999998e-01  -3.3991068000000002e-01  -3.5121974000000000e-01  -2.2017882999999999e-01
  -5.8144983999999997e-02  -1.3450864000000001e-01  -2.0313344000000000e-01  -2.7057073999999998e-01  -3.1640146000000002e-01  -3.2236449000000000e-01  -1.8549117000000001e-01
  -5.3370874999999998e-02  -1.2507894999999999e-01  -1.8900199000000001e-01  -2.5175114999999998e-01  -2.9270401000000001e-01  -2.9334322000000002e-01  -1.5063393000000000e-01
  -4.8547046000000003e-02  -1.1561196999999999e-01  -1.7473825000000001e-01  -2.3273801000000000e-01  -2.6877393999999999e-01  -2.6415590999999999e-01  -1.1565594000000000e-01
  -4.3675272000000001e-02  -1.0608373000000000e-01  -1.6036353000000000e-01  -2.1361299000000000e-01  -2.4467606000000000e-01  -2.3473065000000001e-01  -8.0622008999999994e-02
  -3.8763542999999998e-02  -9.6461367000000006e-02  -1.4590533999999999e-01  -1.9436190000000000e-01  -2.2042813000000000e-01  -2.0508698000000000e-01  -4.5551676999999999e-02
  -3.3842048000000000e-02  -8.6727135999999996e-02  -1.3135659000000000e-01  -1.7500515000000000e-01  -1.9600085000000000e-01  -1.7531811000000000e-01  -1.0416531000000000e-02
  -2.8911673999999998e-02  -7.6943184999999997e-02  -1.1669419000000000e-01  -1.5545663000000001e-01  -1.7145458999999999e-01  -1.4548710000000001e-01   2.4764785000000001e-02
  -2.3934243000000001e-02  -6.7136149000000006e-02  -1.0191904000000000e-01  -1.3570566000000001e-01  -1.4677782000000000e-01  -1.1553711000000000e-01   5.9954979999999998e-02
  -1.8933727000000001e-02  -5.7263411000000000e-02  -8.7049767000000000e-02  -1.1594316000000000e-01  -1.2196253999999999e-01  -8.5506319999999997e-02   9.5073256999999994e-02
  -1.3925221000000000e-02  -4.7365812000000000e-02  -7.2104138999999998e-02  -9.6120277000000004e-02  -9.7042486999999997e-02  -5.5429364000000002e-02   1.3010274999999999e-01
  -8.9690984000000001e-03  -3.7461998000000003e-02  -5.7148745000000001e-02  -7.6239685000000001e-02  -7.2086033999999993e-02  -2.5276051000000001e-02   1.6502569000000000e-01
  -4.0955482999999997e-03  -2.7539538999999998e-02  -4.2209333000000002e-02  -5.6337784000000002e-02  -4.7070981999999997e-02   4.9287589000000000e-03   1.9985452000000001e-01
   8.5080732999999996e-04  -1.7564696000000001e-02  -2.7227303000000001e-02  -3.6398592000000000e-02  -2.1975134000000000e-02   3.5142447000000000e-02   2.3459722999999999e-01
   5.8815105999999997e-03  -7.5587770999999996e-03  -1.2238169000000000e-02  -1.6371501000000000e-02   3.1260415000000001e-03   6.5343705000000002e-02   2.6922805999999999e-01
   1.0894457000000000e-02   2.4116270000000000e-03   2.7704970999999998e-03   3.6919929000000002e-03   2.8210348000000000e-02   9.5499682000000002e-02   3.0370707000000002e-01
   1.5898524000000001e-02   1.2363386000000001e-02   1.7798696999999999e-02   2.3734178000000002e-02   5.3276895999999997e-02   1.2558108000000001e-01   3.3800052000000003e-01
   2.0911470000000001e-02   2.2335566000000001e-02   3.2778951000000001e-02   4.3797672000000003e-02   7.8323024000000005e-02   1.5559322000000000e-01   3.7210306999999998e-01
   2.5903107000000002e-02   3.2294427000000001e-02   4.7766309000000000e-02   6.3828313999999997e-02   1.0336649000000001e-01   1.8551213000000000e-01   4.0596500000000002e-01
   3.0805069000000001e-02   4.2238194999999999e-02   6.2765209000000002e-02   8.3758627000000002e-02   1.2835579000000000e-01   2.1530763000000000e-01   4.3953482999999999e-01
   3.5656422000000000e-02   5.2162430000000003e-02   7.7726818000000003e-02   1.0364632000000000e-01   1.5325720000000001e-01   2.4496018999999999e-01   4.7279479000000002e-01
   4.0513990999999999e-02   6.2022738000000001e-02   9.2623611999999994e-02   1.2349762000000000e-01   1.7802541999999999e-01   2.7448222000000000e-01   5.0576087000000003e-01
   4.5389315999999999e-02   7.1822671000000005e-02   1.0746269999999999e-01   1.4324769000000001e-01   2.0259564999999999e-01   3.0389948999999999e-01   5.3845703000000000e-01
   5.0334784000000000e-02   8.1606622000000004e-02   1.2221920999999999e-01   1.6290453999999999e-01   2.2698830000000000e-01   3.3315073000000001e-01   5.7084864999999996e-01
   5.5314878999999997e-02   9.1383469999999994e-02   1.3683011000000000e-01   1.8245128999999999e-01   2.5125665000000003e-01   3.6214803000000001e-01   6.0289488999999996e-01
   6.0175111000000003e-02   1.0112657999999999e-01   1.5136553999999999e-01   2.0189328000000001e-01   2.7546640999999999e-01   3.9089495000000002e-01   6.3458685999999997e-01
   6.4935902000000004e-02   1.1081997000000000e-01   1.6587966000000001e-01   2.2121007000000001e-01   2.9957582999999999e-01   4.1941813000000000e-01   6.6586776000000003e-01
   6.9671832000000003e-02   1.2044144000000000e-01   1.8028990000000000e-01   2.4035372999999999e-01   3.2349969000000001e-01   4.4770070000000001e-01   6.9669051000000004e-01
   7.4344723000000001e-02   1.2998921999999999e-01   1.9455186999999999e-01   2.5936509000000002e-01   3.4719270000000002e-01   4.7567516999999998e-01   7.2708086999999999e-01
   7.8977660000000005e-02   1.3942335000000000e-01   2.0869397000000001e-01   2.7827523999999998e-01   3.7063266000000000e-01   5.0330249000000005e-01   7.5700687000000000e-01
   8.3548446999999998e-02   1.4874826999999999e-01   2.2274995000000000e-01   2.9700071000000000e-01   3.9387197000000002e-01   5.3063415000000003e-01   7.8645341000000002e-01
   8.8048203000000005e-02   1.5795155000000000e-01   2.3667363999999999e-01   3.1554327999999998e-01   4.1686089999999998e-01   5.5761775999999996e-01   8.1542051000000004e-01
   9.2502678000000005e-02   1.6706072000000000e-01   2.5043662000000000e-01   3.3388519999999999e-01   4.3955949999999999e-01   5.8422046999999999e-01   8.4388152000000005e-01
   9.6911871999999996e-02   1.7608288000000000e-01   2.6406731000000000e-01   3.5201135000000000e-01   4.6198285000000000e-01   6.1048046000000000e-01   8.7181070000000005e-01
   1.0122784000000000e-01   1.8501092000000000e-01   2.7751420999999998e-01   3.6991643000000002e-01   4.8409722999999999e-01   6.3637199000000000e-01   8.9918140000000002e-01
   1.0550917999999999e-01   1.9384573999999999e-01   2.9080219000000002e-01   3.8757378999999997e-01   5.0597543000000000e-01   6.6185954000000002e-01   9.2601672000000002e-01
   1.0977186999999999e-01   2.0248878000000001e-01   3.0391791000000001e-01   4.0497279000000003e-01   5.2757838999999995e-01   6.8688983000000003e-01   9.5231131999999996e-01
   1.1400792999999999e-01   2.1096756000000000e-01   3.1681166999999999e-01   4.2210629999999999e-01   5.4880667000000005e-01   7.1148683999999995e-01   9.7792847999999999e-01
   1.1815965000000000e-01   2.1936821000000001e-01   3.2946481000000000e-01   4.3900275999999999e-01   5.6963363000000000e-01   7.3566299999999996e-01   1.0029018999999999e+00
   1.2216929999999999e-01   2.2764544000000000e-01   3.4188445000000001e-01   4.5562575000000000e-01   5.9008147000000000e-01   7.5937747000000000e-01   1.0273409000000000e+00
   1.2611412999999999e-01   2.3579748000000000e-01   3.5411229999999999e-01   4.7196640000000001e-01   6.1015728999999996e-01   7.8264000000000000e-01   1.0511147999999999e+00
   1.2996841000000001e-01   2.4386073999999999e-01   3.6615281000000000e-01   4.8800606000000002e-01   6.2985488000000001e-01   8.0537959000000003e-01   1.0741917999999999e+00
   1.3371702999999999e-01   2.5179970000000002e-01   3.7796513999999998e-01   5.0372963999999998e-01   6.4916890999999999e-01   8.2755182000000005e-01   1.0966144000000000e+00
   1.3735111000000000e-01   2.5954598000000001e-01   3.8951554999999999e-01   5.1912203999999995e-01   6.6805587000000000e-01   8.4915759000000002e-01   1.1183098000000000e+00
   1.4088664000000001e-01   2.6708451000000000e-01   4.0083689000000000e-01   5.3418416000000002e-01   6.8655038999999995e-01   8.7021377000000000e-01   1.1392772000000000e+00
   1.4432717000000000e-01   2.7443835999999999e-01   4.1190961999999998e-01   5.4892929999999995e-01   7.0460719999999999e-01   8.9073367000000003e-01   1.1595449000000000e+00
   1.4770199000000001e-01   2.8157912000000002e-01   4.2271688000000002e-01   5.6331041999999998e-01   7.2215258000000004e-01   9.1068978000000000e-01   1.1790784000000001e+00
   1.5102976000000001e-01   2.8858047999999997e-01   4.3322227000000002e-01   5.7729909999999995e-01   7.3919544000000004e-01   9.3008740999999995e-01   1.1978561999999999e+00
   1.5424033000000001e-01   2.9540427000000002e-01   4.4340534999999998e-01   5.9089177999999998e-01   7.5573575000000004e-01   9.4887774000000003e-01   1.2158670000000000e+00
   1.5727864999999999e-01   3.0199100000000001e-01   4.5327946000000002e-01   6.0413021000000000e-01   7.7175932999999997e-01   9.6708384999999997e-01   1.2331204000000000e+00
   1.6022907000000000e-01   3.0841969000000002e-01   4.6291562000000003e-01   6.1702325999999996e-01   7.8732387999999998e-01   9.8462760999999999e-01   1.2496129000000000e+00
   1.6312888000000000e-01   3.1470365000000000e-01   4.7230850000000002e-01   6.2951409000000003e-01   8.0243827999999995e-01   1.0014566000000000e+00   1.2652787999999999e+00
   1.6590439000000001e-01   3.2076565000000001e-01   4.8139950999999997e-01   6.4156544000000004e-01   8.1703415999999995e-01   1.0176757000000001e+00   1.2800897000000000e+00
   1.6861509000000000e-01   3.2660478999999998e-01   4.9016643999999998e-01   6.5320215000000004e-01   8.3108398999999999e-01   1.0332786000000000e+00   1.2940970000000001e+00
   1.7128583000000000e-01   3.3221930000000000e-01   4.9860663999999999e-01   6.6443310000000000e-01   8.4459223000000005e-01   1.0481986999999999e+00   1.3072716000000000e+00
   1.7380830000000000e-01   3.3757100000000001e-01   5.0671387999999995e-01   6.7522899000000003e-01   8.5755353999999995e-01   1.0624271000000001e+00   1.3195927999999999e+00
   1.7619225999999999e-01   3.4277175999999998e-01   5.1448729000000004e-01   6.8554276999999997e-01   8.6993595999999995e-01   1.0759497000000000e+00   1.3310519999999999e+00
   1.7846169000000001e-01   3.4778340000000002e-01   5.2195438000000005e-01   6.9540018000000003e-01   8.8173416000000004e-01   1.0887264999999999e+00   1.3416588000000000e+00
   1.8062812000000000e-01   3.5252424999999998e-01   5.2908052000000005e-01   7.0485894000000004e-01   8.9301206000000000e-01   1.1008275999999999e+00   1.3513501999999999e+00
   1.8271641999999999e-01   3.5707952999999998e-01   5.3589147999999998e-01   7.1388176000000003e-01   9.0376345999999996e-01   1.1122211000000000e+00   1.3600587000000000e+00
   1.8470262000000001e-01   3.6142083000000003e-01   5.4238724000000005e-01   7.2248195000000004e-01   9.1390932999999996e-01   1.1228376000000000e+00   1.3678474000000000e+00
   1.8651212000000000e-01   3.6546469999999998e-01   5.4850120999999996e-01   7.3063820000000002e-01   9.2342659000000005e-01   1.1327413000000000e+00   1.3746621000000001e+00
   1.8814671999999999e-01   3.6925286000000002e-01   5.5425382000000001e-01   7.3825373999999999e-01   9.3233653999999999e-01   1.1418946000000001e+00   1.3805171000000001e+00
   1.8966678000000001e-01   3.7283680000000002e-01   5.5967880999999997e-01   7.4539337999999999e-01   9.4067469999999997e-01   1.1503270999999999e+00   1.3854415000000000e+00
   1.9110959999999999e-01   3.7618457999999999e-01   5.6475397000000005e-01   7.5210151000000003e-01   9.4838869999999997e-01   1.1580599000000000e+00   1.3893795000000000e+00
   1.9244675999999999e-01   3.7929085000000001e-01   5.6944024999999998e-01   7.5832931000000003e-01   9.5544655000000001e-01   1.1650042000000000e+00   1.3923487999999999e+00
   1.9366760999999999e-01   3.8219026000000000e-01   5.7377049000000002e-01   7.6405635000000005e-01   9.6191841000000000e-01   1.1712054000000001e+00   1.3943673000000001e+00
   1.9477481999999999e-01   3.8487124000000000e-01   5.7776601000000005e-01   7.6926841999999995e-01   9.6780960000000005e-01   1.1766589999999999e+00   1.3954481000000001e+00
   1.9567957999999999e-01   3.8725567999999999e-01   5.8141792000000003e-01   7.7399660999999997e-01   9.7310503000000004e-01   1.1813153000000001e+00   1.3955816000000001e+00
   1.9646271000000001e-01   3.8935421999999997e-01   5.8468538000000003e-01   7.7820005999999997e-01   9.7780469999999997e-01   1.1852161000000001e+00   1.3947491000000001e+00
   1.9715972000000001e-01   3.9124322000000000e-01   5.8755062999999996e-01   7.8193738000000002e-01   9.8181715999999997e-01   1.1883683000000000e+00   1.3930482000000000e+00
   1.9770489999999999e-01   3.9288007000000003e-01   5.9005808000000004e-01   7.8522188999999998e-01   9.8514330000000006e-01   1.1907392999999999e+00   1.3905900000000000e+00
   1.9812843999999999e-01   3.9427363999999998e-01   5.9217662999999998e-01   7.8797722000000003e-01   9.8788076999999996e-01   1.1924159000000001e+00   1.3873274000000000e+00
   1.9848007000000001e-01   3.9544525000000003e-01   5.9389742000000001e-01   7.9025487999999999e-01   9.9003048000000005e-01   1.1933883999999999e+00   1.3832399000000000e+00
   1.9878197000000000e-01   3.9635227000000001e-01   5.9521067999999999e-01   7.9202468000000004e-01   9.9156933000000003e-01   1.1935814000000000e+00   1.3783596000000000e+00
   1.9892850000000001e-01   3.9700890000000000e-01   5.9615457999999999e-01   7.9324755000000002e-01   9.9246535999999996e-01   1.1930134999999999e+00   1.3727867000000000e+00
   1.9891965000000000e-01   3.9743646999999999e-01   5.9678418000000000e-01   7.9395367999999999e-01   9.9272389999999999e-01   1.1916838000000001e+00   1.3665284000000000e+00
   1.9878028000000000e-01   3.9760921999999999e-01   5.9706040999999999e-01   7.9412974999999997e-01   9.9233961999999998e-01   1.1895922999999999e+00   1.3595101000000001e+00
   1.9850151999999999e-01   3.9751384000000001e-01   5.9693264999999995e-01   7.9379529999999998e-01   9.9130720000000005e-01   1.1867789000000000e+00   1.3517228999999999e+00
   1.9807802999999999e-01   3.9721245999999999e-01   5.9640623999999998e-01   7.9300004000000002e-01   9.8969410999999996e-01   1.1832898999999999e+00   1.3431782999999999e+00
   1.9750627000000001e-01   3.9663939999999998e-01   5.9546785999999996e-01   7.9174396999999996e-01   9.8751544000000002e-01   1.1791180999999999e+00   1.3338532999999999e+00
