  -3.5646182770532292e-01   6.6077505815320292e-02   3.7842582718239065e-01   6.3090175130254555e-01   9.2343510230193571e-01   1.2025020313678478e+00   1.2365355829029037e+00
  -3.5646182770532292e-01   6.6077505815320292e-02   3.7842582718239065e-01   6.3090175130254555e-01   9.2343510230193571e-01   1.2025020313678478e+00   1.2365355829029037e+00
  -3.5807811748189056e-01   6.4272157360694471e-02   3.7692954040649995e-01   6.2950891195871683e-01   9.2203420998206620e-01   1.2010147968438971e+00   1.2189208355075727e+00
  -3.5838738886624638e-01   6.3359183070543737e-02   3.7473785006559396e-01   6.2793322099824744e-01   9.2089832047971953e-01   1.1990938896403789e+00   1.1991054527781724e+00
  -3.6114737370621502e-01   5.9743601781606717e-02   3.7248423585091034e-01   6.2653508281486037e-01   9.1936280335579401e-01   1.1947771178226387e+00   1.1752177430711348e+00
  -3.6292385069132693e-01   5.8327014269732684e-02   3.7102529029088788e-01   6.2501399226796661e-01   9.1723881505929972e-01   1.1895768073049593e+00   1.1596195985765760e+00
  -3.6570423672680785e-01   5.4789911200765089e-02   3.6876315308285906e-01   6.2236228347727163e-01   9.1599616655516847e-01   1.1820119752176241e+00   1.1368077360908846e+00
  -3.6744112161029568e-01   5.2567197243961451e-02   3.6690676806681527e-01   6.2061113880744112e-01   9.1444028425600599e-01   1.1733160710452064e+00   1.1144862792616390e+00
  -3.6928324615943364e-01   5.0181109302611118e-02   3.6484290644618983e-01   6.1884370480860917e-01   9.1282029932281605e-01   1.1632240571919918e+00   1.0905171519377186e+00
  -3.7104191203962250e-01   4.7791410195247595e-02   3.6293157988710395e-01   6.1692093048640462e-01   9.1101466638142781e-01   1.1515280303651962e+00   1.0653944829388275e+00
  -3.7273962881209577e-01   4.5289292310544051e-02   3.6067217574838711e-01   6.1491601823202058e-01   9.0917590818700744e-01   1.1389742458976451e+00   1.0363236931770774e+00
  -3.7444619153592501e-01   4.2753731038323334e-02   3.5840290879424536e-01   6.1275766394804776e-01   9.0720020912984822e-01   1.1244474679336467e+00   1.0083181926580518e+00
  -3.7620654520802765e-01   4.0116576006624376e-02   3.5599080536277716e-01   6.1033560249122409e-01   9.0505096441814226e-01   1.1087348875589313e+00   9.7753757247420925e-01
  -3.7796932143995116e-01   3.7386805077505705e-02   3.5347647061925502e-01   6.0784411451461873e-01   9.0277773838767084e-01   1.0928745618221714e+00   9.4658384167023957e-01
  -3.7972599823177117e-01   3.4536184041727577e-02   3.5089171472207953e-01   6.0528896041818436e-01   9.0044192168763282e-01   1.0741738567298413e+00   9.1131430974048255e-01
  -3.8144642111243088e-01   3.1751863372778119e-02   3.4814123758989185e-01   6.0266265962484955e-01   8.9796546120577869e-01   1.0549858396756855e+00   8.7997911644793791e-01
  -3.8314443297798934e-01   2.8945437752523832e-02   3.4546005624058507e-01   5.9989874010576427e-01   8.9461340876431772e-01   1.0325406914660105e+00   8.4412539908097850e-01
  -3.8472174092305039e-01   2.6106286277312447e-02   3.4271253641572230e-01   5.9711888153375481e-01   8.8973891676628958e-01   1.0121923620289015e+00   8.0991094452810386e-01
  -3.8655892731956099e-01   2.3349572671791156e-02   3.3969478050772234e-01   5.9428143323980132e-01   8.8330898603478880e-01   9.9089712778764427e-01   7.6908954994145695e-01
  -3.8861294864912055e-01   2.0564090183108306e-02   3.3690124383137338e-01   5.9152628072145330e-01   8.7641725227196732e-01   9.6787296541522172e-01   7.2967155537625494e-01
  -3.9092358088371421e-01   1.7812177651357466e-02   3.3386172605288494e-01   5.8864539027391194e-01   8.6829107602874545e-01   9.4515987533825307e-01   6.9856196401556192e-01
  -3.9357058379962867e-01   1.5113544291101174e-02   3.3076863760578240e-01   5.8552020241192970e-01   8.5935878835928614e-01   9.1972905443196751e-01   6.8715106885409416e-01
  -3.9639241489306720e-01   1.2428362954136100e-02   3.2797997099619736e-01   5.8166185963846295e-01   8.4921141565885894e-01   8.9501243623245386e-01   6.7888890745182684e-01
  -3.9955014427129415e-01   9.3902051337861753e-03   3.2514414508152251e-01   5.7656980376319478e-01   8.3820955023055499e-01   8.7821779636370778e-01   6.6269372638095347e-01
  -4.0279719078391185e-01   5.7114366185209266e-03   3.2214908888717741e-01   5.7094262909143534e-01   8.2605094845054572e-01   8.5901662801664824e-01   6.6294697076548015e-01
  -4.0628604851589833e-01   1.3817122450132877e-03   3.1854400190982107e-01   5.6443823657394321e-01   8.1372877407434907e-01   8.3926505886673675e-01   6.4784060676020683e-01
  -4.0968159073066113e-01  -3.6547778512292656e-03   3.1412925632412747e-01   5.5704938554488115e-01   8.0140816397652570e-01   8.1881141565938975e-01   6.2251896921616867e-01
  -4.1358219707902444e-01  -9.3239102607929180e-03   3.0888095743832139e-01   5.4897816313824110e-01   7.8727935566590435e-01   8.0641709921907945e-01   6.0371272660724618e-01
  -4.1769151990815756e-01  -1.5508192359822114e-02   3.0281394614915064e-01   5.4046459003243363e-01   7.7385010073647176e-01   7.9270613218610031e-01   5.7396792777804873e-01
  -4.2176493735714815e-01  -2.2283909561773316e-02   2.9624505133561002e-01   5.3093821029218879e-01   7.5893845778747071e-01   7.8053488713195007e-01   5.4339520011214204e-01
  -4.2616972854868695e-01  -2.9421150801031918e-02   2.8831051861084112e-01   5.2128134694210515e-01   7.4526617275453622e-01   7.6247077074371272e-01   5.4393436614389257e-01
  -4.3066564074628111e-01  -3.7115901901839242e-02   2.8071149865689898e-01   5.1156909867853673e-01   7.3227374974565429e-01   7.3989618421474401e-01   5.4411586304782900e-01
  -4.3514707719947826e-01  -4.5294876817269097e-02   2.7217923225545082e-01   5.0075623234958089e-01   7.1967385422906005e-01   7.2728105095595408e-01   5.4424156235437215e-01
  -4.3989573231133078e-01  -5.3825244705902879e-02   2.6318374661107691e-01   4.9091223049463284e-01   7.0610821922020672e-01   7.2783542571069915e-01   5.1233154126543035e-01
  -4.4462243709342519e-01  -6.2297838413548252e-02   2.5296207852642744e-01   4.8028422089704764e-01   6.9477259352281617e-01   7.2334690839506199e-01   5.1255697309150017e-01
  -4.4958034383897483e-01  -7.1515932764809428e-02   2.4247774992056137e-01   4.6934985396753998e-01   6.8026878154599912e-01   7.2090218968271669e-01   4.7430039782585981e-01
  -4.5472449358285910e-01  -8.0963397588864464e-02   2.3256033561574876e-01   4.5803644014059269e-01   6.6989709185491186e-01   7.1280387306517512e-01   4.4517961609722906e-01
  -4.5984892294169727e-01  -9.1414423349964080e-02   2.2113060262453166e-01   4.4591867797778650e-01   6.5916024849911325e-01   7.1286593028518097e-01   3.5667421921944448e-01
  -4.6505678876837470e-01  -1.0093347927249348e-01   2.0954779203297597e-01   4.3454703749345053e-01   6.4728959042305001e-01   7.0749041266839741e-01   3.5670718899365805e-01
  -4.7012052911183477e-01  -1.1051187540030689e-01   1.9722538634424014e-01   4.2285659916530993e-01   6.4142929336576371e-01   7.0164985818758807e-01   3.0756349319090137e-01
  -4.7562038536958456e-01  -1.2094402672108392e-01   1.8322545843534274e-01   4.1220331506040953e-01   6.3056248297070727e-01   6.9753583229290983e-01   2.3159351101672099e-01
  -4.8079403679821037e-01  -1.3176434806346332e-01   1.7097061595345425e-01   4.0083811136274522e-01   6.2042979424348521e-01   6.8488588927777116e-01   1.1371707920048692e-01
  -4.8580980250114786e-01  -1.4245192606290188e-01   1.6053805989668735e-01   3.9067151392118010e-01   6.0833918705209833e-01   6.7299086387461926e-01   1.1087044618670894e-01
  -4.9089388040099585e-01  -1.5302322056812329e-01   1.4769094437928634e-01   3.7849851676927715e-01   6.0005291533875771e-01   6.6411560412021098e-01   7.4626758425552775e-02
  -4.9576010909798440e-01  -1.6347211966387939e-01   1.3543923783387030e-01   3.6911045296996109e-01   5.9487000164313431e-01   6.5888638451185300e-01  -1.1249959081844270e-02
  -5.0109170056992114e-01  -1.7411537255676102e-01   1.2257195448041890e-01   3.5548024917082893e-01   5.9259725579662104e-01   6.4701605372143389e-01  -1.1184159495794802e-02
  -5.0620112236347203e-01  -1.8520687599705368e-01   1.0817239023653059e-01   3.4583642842591389e-01   5.9016966473971777e-01   6.3769043905747469e-01  -1.5487402530687623e-02
  -5.1138493809253682e-01  -1.9530422232734618e-01   9.3583737450578866e-02   3.3413681121679856e-01   5.8748864992976479e-01   6.2467182714270242e-01  -4.8786688042888389e-02
  -5.1595911934109684e-01  -2.0427948075500688e-01   8.2556984987359264e-02   3.2237278758738941e-01   5.8773744725978760e-01   6.1112350599014376e-01  -4.8703359649600618e-02
  -5.2060086756876911e-01  -2.1300879587385169e-01   6.8902124767995607e-02   3.1306031702165443e-01   5.8040802356570098e-01   6.1102039682920717e-01  -4.8677122894132868e-02
  -5.2554658518467401e-01  -2.2239146836415627e-01   5.8882416994187774e-02   3.0322100382683342e-01   5.7634941194602762e-01   6.0286991449000782e-01  -1.2278235445002618e-01
  -5.3026497499353265e-01  -2.3256181620739391e-01   4.8177972273058874e-02   2.9071598176923652e-01   5.7312238318229802e-01   5.8100911976360869e-01  -1.5186903047465888e-01
  -5.3494088866858980e-01  -2.4189225355590541e-01   3.7553794490936009e-02   2.8042620937200985e-01   5.6908181896386834e-01   5.6889081545743247e-01  -2.0004459568315971e-01
  -5.3948802725082923e-01  -2.5049621700661057e-01   2.6476650538793903e-02   2.7116247808299521e-01   5.6455369340591022e-01   5.6436544342320660e-01  -2.3698593784825206e-01
  -5.4385438667887764e-01  -2.5937100933955803e-01   1.4160880261470908e-02   2.5878039821477367e-01   5.5555394222775012e-01   5.3676947286745402e-01  -2.5834676908703591e-01
  -5.4826233123693935e-01  -2.6806436305380349e-01   3.5308267140808131e-03   2.4415671971811195e-01   5.4797848520749493e-01   5.3681933800407489e-01  -2.7698571386184295e-01
  -5.5236761283181235e-01  -2.7579206946020740e-01  -5.4582540501954772e-03   2.3599695396709824e-01   5.4257449806089131e-01   5.2750731031872811e-01  -2.9490186479815911e-01
  -5.5623221175567228e-01  -2.8380366535059193e-01  -1.4885701412466533e-02   2.2752413456679785e-01   5.3557493573652670e-01   5.1794138928354572e-01  -3.1216634451850062e-01
  -5.6018944140547400e-01  -2.9027952319079892e-01  -2.5560904803034277e-02   2.2131022842862516e-01   5.3023885715550600e-01   4.9589463794540467e-01  -3.1379030580934969e-01
  -5.6427605588564000e-01  -2.9827000908063167e-01  -3.5614467014955929e-02   2.1226137864783876e-01   5.2406196621251688e-01   4.8115936696381267e-01  -3.7594437245494439e-01
  -5.6841231728005048e-01  -3.0678078147985688e-01  -4.3436527600989087e-02   2.0514289318688483e-01   5.1360384900359302e-01   4.7179098577277234e-01  -4.0962016300425086e-01
  -5.7238748811171358e-01  -3.1485980711454131e-01  -5.1754810898853365e-02   1.8911627340656642e-01   5.0362293690153903e-01   4.3957686765030124e-01  -4.5642468966894434e-01
  -5.7618857969774517e-01  -3.2115846768578904e-01  -6.1030904872698792e-02   1.8048825573735877e-01   4.8991040804370001e-01   4.2205191108931628e-01  -4.9910689146074722e-01
  -5.8012405582601656e-01  -3.2766255999203175e-01  -7.2785102780456301e-02   1.7192677787053062e-01   4.7541276685415157e-01   3.3053555820917424e-01  -5.5418853524120570e-01
  -5.8379892826677360e-01  -3.3423232768377575e-01  -8.7403254896309790e-02   1.6011539837014030e-01   4.6307349531321534e-01   2.4761285871727223e-01  -5.8623426278289548e-01
  -5.8750273635113337e-01  -3.4097241878320006e-01  -9.8494787750651833e-02   1.4752844763806222e-01   4.3863157818259307e-01   2.2788679523110889e-01  -6.1405581002060061e-01
  -5.9098495218044156e-01  -3.4870649592676728e-01  -1.0456081876194698e-01   1.3742176190537966e-01   4.0968425523333307e-01   1.0488175253782263e-01  -6.5150202318591688e-01
  -5.9441809986450567e-01  -3.5469683764788262e-01  -1.1648486383254729e-01   1.2270434686461440e-01   3.7575011469756853e-01  -3.2186502777397895e-02  -6.9194132485962812e-01
  -5.9754604003578271e-01  -3.6190303740652624e-01  -1.2567713856928919e-01   1.1562530589589999e-01   3.3083424852630072e-01  -1.2991695180118604e-01  -7.2850450315570536e-01
  -6.0099954834990721e-01  -3.6966301538903723e-01  -1.3516830192344781e-01   1.0029455771531687e-01   2.8291308392646508e-01  -2.0455196795934369e-01  -7.5823741506432829e-01
  -6.0457616390916424e-01  -3.7790324134339803e-01  -1.4401692921734974e-01   8.3936631521789373e-02   2.4297003785358132e-01  -2.2963775246146770e-01  -8.0272599320154525e-01
  -6.0826010743544912e-01  -3.8537071782782933e-01  -1.5560848158037896e-01   6.2201659772386383e-02   2.0493667499558627e-01  -2.8114961212908429e-01  -8.3687268527178016e-01
  -6.1161537278779354e-01  -3.9307431853800184e-01  -1.6841181458888230e-01   4.2935629321747347e-02   1.5455960243340597e-01  -3.2007598380700009e-01  -8.6666024820029108e-01
  -6.1436049971071260e-01  -4.0014858853891327e-01  -1.8308871650944294e-01   1.1250482783672884e-02   9.3329780862538056e-02  -3.5502905016061509e-01  -9.0218994936679631e-01
  -6.1786130210771417e-01  -4.0727100040054498e-01  -1.9749148680842843e-01  -7.9385694661865767e-03   2.3865568057226338e-02  -3.9593942835599388e-01  -9.3982089146871972e-01
  -6.2128713813521019e-01  -4.1552983862594295e-01  -2.1457092940023106e-01  -3.1276621450663677e-02  -2.4075851860386879e-02  -4.2499678790119716e-01  -9.7410133886974992e-01
  -6.2420040426440904e-01  -4.2350328952058425e-01  -2.2760402287726786e-01  -4.9138295622335092e-02  -8.1938757914335345e-02  -4.6082030116475881e-01  -1.0061303334395357e+00
  -6.2742225546087982e-01  -4.3184441693456466e-01  -2.4004576365362396e-01  -8.2496190841203826e-02  -1.2951496960109421e-01  -5.0544315811003437e-01  -1.0410270515878723e+00
  -6.3013162142507873e-01  -4.3932878826043920e-01  -2.5544442424239366e-01  -1.1481721367063868e-01  -1.7949481403306694e-01  -5.4319670574630063e-01  -1.0716968145633194e+00
  -6.3292683768373892e-01  -4.4700533995310143e-01  -2.6880218405232992e-01  -1.4935632359344778e-01  -2.2860792631524099e-01  -5.8710875130951545e-01  -1.1022462572986935e+00
  -6.3583507522915805e-01  -4.5454433480348294e-01  -2.8229096152967997e-01  -1.7966754241881733e-01  -2.6421458476545928e-01  -6.2385744356594641e-01  -1.1290261725964668e+00
  -6.3853870599943441e-01  -4.6258288949802712e-01  -2.9462194996854218e-01  -2.1109836650778929e-01  -3.0460634904431222e-01  -6.5891807698314697e-01  -1.1563030290801257e+00
  -6.4129441869557691e-01  -4.7037352431647772e-01  -3.1109306442871765e-01  -2.3623755246696621e-01  -3.3953414851072589e-01  -6.9399742515731311e-01  -1.1813800764627649e+00
  -6.4371787455010177e-01  -4.7840767703902631e-01  -3.2617469751314510e-01  -2.6583106676857804e-01  -3.7218148247075861e-01  -7.2660618751753436e-01  -1.2063771555426168e+00
  -6.4601304442436991e-01  -4.8695106329259963e-01  -3.4022257583832133e-01  -2.9650489079143161e-01  -4.0176245002010441e-01  -7.5694940084625928e-01  -1.2283402838069741e+00
  -6.4856314470658671e-01  -4.9448542543836466e-01  -3.5548197870898379e-01  -3.2199552430597889e-01  -4.3788137859914561e-01  -7.8485509957555044e-01  -1.2491844652051456e+00
  -6.5114451969716658e-01  -5.0233768543337098e-01  -3.7069358086478427e-01  -3.4819417612439202e-01  -4.7059883709709149e-01  -8.1658457801551976e-01  -1.2681280749106654e+00
  -6.5350979007049148e-01  -5.0953421619653083e-01  -3.8874892739761485e-01  -3.7597369633544497e-01  -5.0398099263653506e-01  -8.4374836719205681e-01  -1.2855582697329186e+00
  -6.5576688282523443e-01  -5.1699917356567793e-01  -4.0211318059910556e-01  -4.0175686799587346e-01  -5.3184956341915612e-01  -8.7172152765314148e-01  -1.3007232955567312e+00
  -6.5796835527342046e-01  -5.2386740909734486e-01  -4.1827047825214458e-01  -4.3035223633693898e-01  -5.5657597825014438e-01  -8.9970836794488163e-01  -1.3145806023657289e+00
  -6.6026584521246212e-01  -5.3099359423691694e-01  -4.3783926754840674e-01  -4.5573480716297171e-01  -5.8724335169331965e-01  -9.2756693834439707e-01  -1.3270358929269574e+00
  -6.6198425283660423e-01  -5.3721615537419665e-01  -4.5337859421385601e-01  -4.7880546544199326e-01  -6.1465252057056174e-01  -9.5503983170617524e-01  -1.3381403100638423e+00
  -6.6352216138309228e-01  -5.4376488947680102e-01  -4.6908804222910960e-01  -5.0114098558272169e-01  -6.4422337865626356e-01  -9.8053766306828549e-01  -1.3481905569982033e+00
  -6.6455366289098527e-01  -5.4936695305458239e-01  -4.8391711252389774e-01  -5.2240582399255864e-01  -6.6906056058986318e-01  -1.0018378003833086e+00  -1.3570457417805397e+00
  -6.6608856355573209e-01  -5.5516443299930307e-01  -4.9838046342232184e-01  -5.4137514871934633e-01  -6.9303874167092816e-01  -1.0246237031146037e+00  -1.3649529554228383e+00
  -6.6741423115001897e-01  -5.6153352042423910e-01  -5.1274116885722465e-01  -5.6212553327912007e-01  -7.1631835481214912e-01  -1.0457676979053576e+00  -1.3719553698706508e+00
  -6.6835378982287541e-01  -5.6664897087027211e-01  -5.2548976507654221e-01  -5.8162620849496349e-01  -7.3990217080526410e-01  -1.0661863380680587e+00  -1.3781271640094876e+00
  -6.6948974556757579e-01  -5.7186373035996962e-01  -5.3864926995762263e-01  -6.0159424787101845e-01  -7.6119889881252323e-01  -1.0853902145653811e+00  -1.3833399374757107e+00
  -6.7012981822536044e-01  -5.7686847453297774e-01  -5.5274509443884046e-01  -6.1741087602003508e-01  -7.8202941085515576e-01  -1.1020774759576804e+00  -1.3881832300134833e+00
  -6.7086549982372445e-01  -5.8156337326241714e-01  -5.6323635371987590e-01  -6.3312159537391011e-01  -8.0125416041930364e-01  -1.1181847250240922e+00  -1.3921004340017546e+00
  -6.7119006761372457e-01  -5.8643039712945400e-01  -5.7466687390732185e-01  -6.4649643578721616e-01  -8.1910599297929354e-01  -1.1333114064451588e+00  -1.3951628554891509e+00
  -6.7117229593672711e-01  -5.9066390476421793e-01  -5.8496049316178411e-01  -6.6007333369078436e-01  -8.3664957787564498e-01  -1.1479320358536860e+00  -1.3980246875880853e+00
  -6.7114446407354711e-01  -5.9404298814685919e-01  -5.9519645121857490e-01  -6.7149338886806564e-01  -8.5104495877314468e-01  -1.1616240690460216e+00  -1.3999861353393288e+00
  -6.7107772977148861e-01  -5.9637183069358113e-01  -6.0338203130046619e-01  -6.8360693647540594e-01  -8.6664126753040105e-01  -1.1728938743854538e+00  -1.4009907997076514e+00
  -6.7099623557988475e-01  -5.9785734762103648e-01  -6.1355812147095645e-01  -6.9624651043272667e-01  -8.7996704542512516e-01  -1.1826854680821164e+00  -1.4013700867099825e+00
  -6.7091078485920830e-01  -5.9848158314425337e-01  -6.2129684079436931e-01  -7.0672798511649570e-01  -8.9288787224169486e-01  -1.1913777687679583e+00  -1.4013154005241593e+00
  -6.7078608092071101e-01  -5.9921605914983034e-01  -6.2692676670661085e-01  -7.1667674500216672e-01  -9.0422598638495710e-01  -1.1997911764043858e+00  -1.4011160873491808e+00
  -6.7065083099152434e-01  -5.9920730356399987e-01  -6.3216916386637767e-01  -7.2448320576655800e-01  -9.1426147141765512e-01  -1.2072684346387723e+00  -1.4008143338037340e+00
  -6.7049683672642035e-01  -5.9915954147660033e-01  -6.3622202334011002e-01  -7.3173211096418522e-01  -9.2223882853643369e-01  -1.2127134116668949e+00  -1.4003915971222094e+00
  -6.7028779665075622e-01  -5.9907888994576231e-01  -6.3973936698752309e-01  -7.3741853796900048e-01  -9.2988553624758252e-01  -1.2165337666664773e+00  -1.3985435089294558e+00
  -6.7007450429837634e-01  -5.9896687622836642e-01  -6.4038762461041931e-01  -7.4072113828416386e-01  -9.3549749403950211e-01  -1.2198484314525946e+00  -1.3948428172231120e+00
  -6.6981803065771006e-01  -5.9882542437015740e-01  -6.4038156155789694e-01  -7.4253969069750536e-01  -9.3874608346686716e-01  -1.2221889197416931e+00  -1.3899588931732767e+00
  -6.6955684728568843e-01  -5.9866394801086942e-01  -6.4033987911277324e-01  -7.4326680511330823e-01  -9.3995150520522541e-01  -1.2230840112145200e+00  -1.3842144142499988e+00
  -6.6925831220185750e-01  -5.9842334075913217e-01  -6.4024262708539814e-01  -7.4323005971172573e-01  -9.3993477670328018e-01  -1.2230277571482504e+00  -1.3778302712881341e+00
  -6.6894318890314386e-01  -5.9816741196205714e-01  -6.4010810542522378e-01  -7.4315104574406576e-01  -9.3988313366228315e-01  -1.2228881750830827e+00  -1.3707017561915491e+00
  -6.6861362615077113e-01  -5.9787670270674298e-01  -6.3992540871727388e-01  -7.4299969838638746e-01  -9.3976694178767617e-01  -1.2226583365396035e+00  -1.3629591901584324e+00
  -6.6822405467929047e-01  -5.9752797999908769e-01  -6.3969106788629870e-01  -7.4281680735514177e-01  -9.3959726868437665e-01  -1.2223646910193888e+00  -1.3545927489951330e+00
  -6.6779823886562406e-01  -5.9713452717022197e-01  -6.3935072328115983e-01  -7.4255685063725851e-01  -9.3935650025482798e-01  -1.2219675442575078e+00  -1.3457627696432639e+00
  -6.6733883434630847e-01  -5.9670445857643117e-01  -6.3899564944518039e-01  -7.4221739803834064e-01  -9.3907217873727789e-01  -1.2214725441632877e+00  -1.3362310032419740e+00
  -6.6684658058449175e-01  -5.9617048870257416e-01  -6.3858910837459104e-01  -7.4185085878540391e-01  -9.3871027234164472e-01  -1.2208672203179090e+00  -1.3260199251965847e+00
  -6.6634861497958786e-01  -5.9560551522635263e-01  -6.3813606330479100e-01  -7.4139457546053500e-01  -9.3827722188718443e-01  -1.2201739053067795e+00  -1.3151437522462852e+00
  -6.6581465456028543e-01  -5.9495665010110732e-01  -6.3759726402078720e-01  -7.4087847511748828e-01  -9.3778731810778504e-01  -1.2193837117636155e+00  -1.3038179127224065e+00
  -6.6522726260818732e-01  -5.9425583088828193e-01  -6.3698834432475981e-01  -7.4027854779402735e-01  -9.3720799299369628e-01  -1.2185442622688381e+00  -1.2915325358210539e+00
  -6.6461508103671962e-01  -5.9347600388923716e-01  -6.3629321025747865e-01  -7.3962592474417965e-01  -9.3658284500983502e-01  -1.2175656868667302e+00  -1.2783395672513378e+00
  -6.6400430571786917e-01  -5.9264628589088530e-01  -6.3549361131220483e-01  -7.3886521581419584e-01  -9.3584111139002546e-01  -1.2164858720061293e+00  -1.2644455936561350e+00
  -6.6336943316892993e-01  -5.9175456322173825e-01  -6.3459250401972278e-01  -7.3798890962616481e-01  -9.3502852449484553e-01  -1.2152435657533243e+00  -1.2501908594308759e+00
  -6.6267977639267006e-01  -5.9080190947878763e-01  -6.3364305779733721e-01  -7.3702344271302522e-01  -9.3410400978263597e-01  -1.2139990488969212e+00  -1.2350415642084358e+00
  -6.6196795508682060e-01  -5.8979727396832271e-01  -6.3261001047953791e-01  -7.3594548297914597e-01  -9.3307231735200791e-01  -1.2125880751316487e+00  -1.2182209708936715e+00
  -6.6121865107917410e-01  -5.8871288537313371e-01  -6.3148361110211459e-01  -7.3473718833184920e-01  -9.3188567452919147e-01  -1.2097361933845974e+00  -1.1999646878541232e+00
  -6.6044055347692976e-01  -5.8755599854762597e-01  -6.3021792469983384e-01  -7.3340566522664097e-01  -9.3061442464733835e-01  -1.2048626938002314e+00  -1.1803240306050236e+00
  -6.5969070122488072e-01  -5.8635595774041238e-01  -6.2883568992826533e-01  -7.3197430247658268e-01  -9.2921741703911998e-01  -1.1982632347138262e+00  -1.1582029953534969e+00
  -6.5890961990709707e-01  -5.8511151231291370e-01  -6.2739581379307674e-01  -7.3038339697705346e-01  -9.2767305028201064e-01  -1.1898403192119908e+00  -1.1331740816202589e+00
  -6.5806421433409623e-01  -5.8377499527259336e-01  -6.2581139113798756e-01  -7.2867767460275579e-01  -9.2598201241369815e-01  -1.1807562099667721e+00  -1.1078967136425306e+00
  -6.5717540888444648e-01  -5.8235378317771491e-01  -6.2418833323834233e-01  -7.2684916099774644e-01  -9.2417183759896759e-01  -1.1691646098080941e+00  -1.0807734494724468e+00
  -6.5626994744553124e-01  -5.8087304911961413e-01  -6.2243741112992002e-01  -7.2487231877650193e-01  -9.2225219647604917e-01  -1.1564314051589673e+00  -1.0511382015536839e+00
  -6.5534656737196451e-01  -5.7931625920947771e-01  -6.2059960264731318e-01  -7.2274362228067968e-01  -9.2017888283692262e-01  -1.1426423178096030e+00  -1.0216139232669053e+00
  -6.5441117070837196e-01  -5.7774279513151638e-01  -6.1865853353125522e-01  -7.2055733061169969e-01  -9.1800714593284527e-01  -1.1274498898228236e+00  -9.8978567523651617e-01
  -6.5341798203778478e-01  -5.7606882849950292e-01  -6.1655654678040606e-01  -7.1814893664611401e-01  -9.1572156229722412e-01  -1.1127565632355572e+00  -9.5358504985637083e-01
  -6.5244174561628476e-01  -5.7433867649516701e-01  -6.1446776109510770e-01  -7.1567778914780222e-01  -9.1343431558721921e-01  -1.0963818922087256e+00  -9.2435308469795674e-01
  -6.5146104518970582e-01  -5.7254119310457752e-01  -6.1221170892185872e-01  -7.1310501665195769e-01  -9.1096533416068448e-01  -1.0788881217714537e+00  -8.9043632933717265e-01
  -6.5048246306624591e-01  -5.7076165685122116e-01  -6.0986830060300745e-01  -7.1042337776691544e-01  -9.0820748261252349e-01  -1.0603660974635787e+00  -8.5010194220434732e-01
  -6.4945107294686544e-01  -5.6892332225887576e-01  -6.0749366142098971e-01  -7.0766856941011524e-01  -9.0389584583059412e-01  -1.0435958392565239e+00  -8.2038720300248236e-01
  -6.4838285766722703e-01  -5.6711394065849519e-01  -6.0505481418144869e-01  -7.0486727411804240e-01  -8.9809477808941829e-01  -1.0223217859319778e+00  -7.9174124363767140e-01
  -6.4735485910868273e-01  -5.6522516499014197e-01  -6.0250472285873691e-01  -7.0208679714581934e-01  -8.9090573995029443e-01  -9.9955746368291876e-01  -7.4792095200127473e-01
  -6.4631606913064898e-01  -5.6330898167263088e-01  -5.9998396299090828e-01  -6.9922932690634343e-01  -8.8259515941271149e-01  -9.7230312740653513e-01  -7.1639624945739877e-01
  -6.4520314112604960e-01  -5.6135765453520980e-01  -5.9756682540145822e-01  -6.9517993648985665e-01  -8.7270534310031556e-01  -9.4837376645106697e-01  -6.9248666526603375e-01
  -6.4411830545663284e-01  -5.5940348364556813e-01  -5.9500568445505853e-01  -6.8995829793097541e-01  -8.6147097569682662e-01  -9.1918204773392287e-01  -6.7677802225466976e-01
  -6.4306116327857610e-01  -5.5745031453795024e-01  -5.9239124291112732e-01  -6.8370221392519237e-01  -8.4932267608854339e-01  -8.9263552272003122e-01  -6.5649871639173130e-01
  -6.4197792026181544e-01  -5.5540144362767285e-01  -5.8896125956928014e-01  -6.7638065995959951e-01  -8.3597837354635895e-01  -8.5888495191067327e-01  -6.3155539735540933e-01
  -6.4084032838692129e-01  -5.5337330212261993e-01  -5.8479463746404003e-01  -6.6838433985033274e-01  -8.2282631703292242e-01  -8.3005205360262069e-01  -5.8410976013607296e-01
  -6.3974111815673440e-01  -5.5125550535799317e-01  -5.8005402429751551e-01  -6.5969920113588210e-01  -8.0810360422142080e-01  -8.0084429187738515e-01  -5.6004328897418332e-01
  -6.3858652523132253e-01  -5.4867049591262340e-01  -5.7453653509627201e-01  -6.4941595089122195e-01  -7.9216308900758658e-01  -7.7896454457756992e-01  -4.7141282728323758e-01
  -6.3742080276215363e-01  -5.4551985590407182e-01  -5.6818742493788577e-01  -6.3904999693481512e-01  -7.7764180408765993e-01  -7.4928261806393581e-01  -4.6273663596143533e-01
  -6.3629413650370259e-01  -5.4188482041233332e-01  -5.6081781495338445e-01  -6.2748133016794283e-01  -7.6354548632038555e-01  -7.3462219695484776e-01  -4.6336532903829997e-01
  -6.3514472018459533e-01  -5.3803131890727351e-01  -5.5291338852964589e-01  -6.1556045788046199e-01  -7.4971991702246410e-01  -7.0681498818934407e-01  -4.5637321750671406e-01
  -6.3385561419357694e-01  -5.3383509664860285e-01  -5.4475093760208992e-01  -6.0304774483311196e-01  -7.3450462079432721e-01  -6.8912918417028712e-01  -4.5651124078675909e-01
  -6.3245013491390634e-01  -5.2931990992592448e-01  -5.3632978019692068e-01  -5.9064119955808081e-01  -7.1890266555688143e-01  -6.8661078409122400e-01  -4.5731320357530314e-01
  -6.3080793218389986e-01  -5.2411283836169953e-01  -5.2625998204817792e-01  -5.7715265468122334e-01  -7.0328027150691541e-01  -6.7510602689143207e-01  -4.0619103787469163e-01
  -6.2900294350149422e-01  -5.1864254883668626e-01  -5.1621228049289214e-01  -5.6477362445049373e-01  -6.8711701741477538e-01  -6.5668689630865384e-01  -3.1398318922295992e-01
  -6.2707641520434976e-01  -5.1313227890500734e-01  -5.0562813934657580e-01  -5.5121695543499671e-01  -6.6934433330635335e-01  -6.4299067702800072e-01  -2.2358203840674074e-01
  -6.2501982878221907e-01  -5.0726926916128734e-01  -4.9471452801670412e-01  -5.3764710749998179e-01  -6.4983933485425160e-01  -6.4319545962046643e-01  -1.5868817136158389e-01
  -6.2272632569788300e-01  -5.0119643197015418e-01  -4.8360943055933642e-01  -5.2228345004443444e-01  -6.3208370309382378e-01  -6.3571065400835725e-01  -6.1511776110617845e-02
  -6.2040726319339845e-01  -4.9478695133007039e-01  -4.7196872842558601e-01  -5.1150146363730253e-01  -6.1796800975641342e-01  -6.3592904648820769e-01  -1.0909495430258969e-02
  -6.1792418143162409e-01  -4.8797032673689383e-01  -4.6044275352792285e-01  -4.9723983166443780e-01  -6.0582360543126834e-01  -6.1932000913424701e-01   4.6226166613448104e-02
  -6.1535691318315511e-01  -4.8083767102720537e-01  -4.4821656491184297e-01  -4.8342874500795685e-01  -5.9279886959534822e-01  -6.1953193490325720e-01   4.5444508816279844e-02
  -6.1263619114019230e-01  -4.7417416083642383e-01  -4.3642998088845464e-01  -4.6865463322131301e-01  -5.7663876004403147e-01  -6.1515873768644302e-01   6.9125143005891440e-02
  -6.0997509855065291e-01  -4.6695344758842100e-01  -4.2436715034270694e-01  -4.5622716153006893e-01  -5.6477533074844155e-01  -6.1582485318117730e-01   9.9225229887340241e-02
  -6.0709752330422462e-01  -4.5994430343694065e-01  -4.1158250235150123e-01  -4.4206536975152178e-01  -5.5898179395382508e-01  -5.8839114278724591e-01   9.9145429065409504e-02
  -6.0396069624721027e-01  -4.5311396893320577e-01  -4.0150599118587837e-01  -4.2805901371595861e-01  -5.4966648310512767e-01  -5.8139587047943231e-01   1.3023255938485104e-01
  -6.0099354913962255e-01  -4.4620631220290030e-01  -3.9277073260529388e-01  -4.1440235347522630e-01  -5.4292917486463166e-01  -5.6251651134279268e-01   2.0025811025631818e-01
  -5.9823059226972108e-01  -4.3927380527674925e-01  -3.7994220982497801e-01  -4.0245227122702737e-01  -5.3443001630860298e-01  -5.6035248838278817e-01   2.2316518029706156e-01
  -5.9506393159530957e-01  -4.3184887461183530e-01  -3.6853695670093256e-01  -3.8783835734282235e-01  -5.2354990062240370e-01  -5.4801025112091362e-01   2.3115142887617987e-01
  -5.9209965635173145e-01  -4.2390291307242056e-01  -3.5881180166468668e-01  -3.7668425684999934e-01  -5.1626518723564963e-01  -5.3943525519744151e-01   2.5109963163145205e-01
  -5.8874873295992891e-01  -4.1630308001926347e-01  -3.4779456413987175e-01  -3.6641687350431257e-01  -5.0702109519018068e-01  -5.0092801993908509e-01   2.5068254668875278e-01
  -5.8545029820534855e-01  -4.0959722617664396e-01  -3.3778781731466984e-01  -3.5482099706240827e-01  -4.9103473402400893e-01  -4.9567367139283031e-01   2.6208546762892976e-01
  -5.8224310806670199e-01  -4.0187242036883308e-01  -3.2843408776055177e-01  -3.4403305635942338e-01  -4.7516711435470849e-01  -4.9568021213093844e-01   2.9283899430019600e-01
  -5.7868447747353935e-01  -3.9421708873541317e-01  -3.1544461601597046e-01  -3.3185489330239060e-01  -4.5573649444031150e-01  -4.7608596289400634e-01   3.2285060484391220e-01
  -5.7491164426018537e-01  -3.8644266708457115e-01  -3.0292862178234381e-01  -3.1929272060790259e-01  -4.5131416069867936e-01  -4.7613452767247466e-01   3.4665122433351414e-01
  -5.7132690810948150e-01  -3.7913629419363104e-01  -2.9270270535303161e-01  -3.0757983284332774e-01  -4.4209120354493914e-01  -4.5184342805836097e-01   3.7512552094626667e-01
  -5.6817757846111927e-01  -3.7248236014534741e-01  -2.8272908839467464e-01  -2.9616423622818333e-01  -4.2568673281749630e-01  -3.8944839315041874e-01   4.0147759984060061e-01
  -5.6444527202524897e-01  -3.6416954494624948e-01  -2.7587753103430646e-01  -2.8366299817358670e-01  -4.0928247383437227e-01  -3.4142493168302424e-01   4.0555677375189769e-01
  -5.6082814634088085e-01  -3.5606380257006470e-01  -2.6581073161304486e-01  -2.6897044268673537e-01  -4.0497116903917141e-01  -2.5030041473285408e-01   4.0552674626003615e-01
  -5.5728759929616611e-01  -3.4797822092048386e-01  -2.5736677924803886e-01  -2.6172441287919701e-01  -3.9546649209928719e-01  -1.9018676073807819e-01   4.1365755208789962e-01
  -5.5324381621479868e-01  -3.4028888978360983e-01  -2.4568388880096823e-01  -2.4224533072631771e-01  -3.8372387973807398e-01  -1.2541394679243736e-01   4.4442355297038982e-01
  -5.4955676013809951e-01  -3.3113965700277881e-01  -2.3576109872996298e-01  -2.3204475003532746e-01  -3.6429897110535003e-01  -4.1109067458094846e-03   4.4936015093175746e-01
  -5.4606958448544451e-01  -3.2364326619594025e-01  -2.2643823739132576e-01  -2.1768245462856298e-01  -3.5253367990565393e-01   5.9859346729808201e-02   4.7814691129540010e-01
  -5.4277084484055982e-01  -3.1559175632023440e-01  -2.1302383467717775e-01  -2.0892782544185953e-01  -3.3564822223178681e-01   5.9845933622942646e-02   5.2582582478383522e-01
  -5.3874131359128452e-01  -3.0815751492760329e-01  -2.0020536562730679e-01  -1.9125768449177361e-01  -3.0704749044507540e-01   8.2547754232639436e-02   5.6163098619873475e-01
  -5.3519000622103630e-01  -2.9977918960533145e-01  -1.9068877009115184e-01  -1.7500803288142605e-01  -2.6914543199275337e-01   1.0568450996834143e-01   5.8679846649956346e-01
  -5.3136015784253998e-01  -2.8986448981537366e-01  -1.7645789266820125e-01  -1.6043981981314601e-01  -2.4912788968012553e-01   1.5251951587375931e-01   6.2933481429658134e-01
  -5.2688314651580914e-01  -2.8026221218272046e-01  -1.6027898512617164e-01  -1.4870487685327374e-01  -2.0487984941264761e-01   1.7639101928058812e-01   6.6166067730947276e-01
  -5.2235096443606954e-01  -2.7245787846095637e-01  -1.5452161283000082e-01  -1.4042862259912414e-01  -1.7473790400663608e-01   1.8829863985703446e-01   6.8774634485575048e-01
  -5.1820404337951564e-01  -2.6443070046494443e-01  -1.3838902242228610e-01  -1.2290448299550451e-01  -1.4118977355161716e-01   2.0644306779519739e-01   7.2165996245334962e-01
  -5.1392016632831083e-01  -2.5799017940788954e-01  -1.2164803094806229e-01  -1.0450520087307393e-01  -1.0309000679384145e-01   2.2885099275871101e-01   7.5425514549653316e-01
  -5.1059830091576597e-01  -2.4931296467496489e-01  -1.0598769587952830e-01  -8.2416285478923962e-02  -7.3900823468931884e-02   2.7046378856150205e-01   7.9702468982433472e-01
  -5.0709007365235703e-01  -2.3803565237440708e-01  -9.2989537892880836e-02  -5.8881831169455730e-02  -4.3010042132702125e-02   2.9760946830875740e-01   8.2915623451346510e-01
  -5.0268537377663569e-01  -2.2896597693967219e-01  -7.9753107608384846e-02  -3.1851609355654328e-02   3.8066728765975607e-03   3.3252157713454716e-01   8.6356149562304030e-01
  -4.9835994218138596e-01  -2.2139571398012134e-01  -6.8916797291897175e-02  -1.1851658806080214e-02   4.5526291969461348e-02   3.7762381668681266e-01   8.9720949132418681e-01
  -4.9410785471892477e-01  -2.1043286661993688e-01  -5.5369270999116413e-02   7.3175000811096678e-03   9.7323982844246024e-02   4.2212936325786643e-01   9.3074103302609190e-01
  -4.8964777209767729e-01  -2.0136143711278001e-01  -3.8839409520098934e-02   3.1385603840228378e-02   1.3824230599036330e-01   4.4792039207384837e-01   9.5392502677303204e-01
  -4.8482881592650257e-01  -1.8898401153706937e-01  -2.4627224446906872e-02   5.1706959791160190e-02   1.6174403064124226e-01   4.9232898307127831e-01   9.8743711105162368e-01
  -4.8100916631413121e-01  -1.8239851250397252e-01  -6.1090971871771583e-03   6.8126581683059989e-02   1.9836317670593909e-01   5.1652546249496845e-01   1.0198767673481126e+00
  -4.7647763136356991e-01  -1.7447209536529071e-01   1.2225921230266457e-03   8.6642465534418636e-02   2.3231416975901759e-01   5.4930389175403393e-01   1.0490152801473980e+00
  -4.7212641316144377e-01  -1.6451834749428107e-01   1.9342064822450995e-02   1.0460688402956264e-01   2.5928324491715876e-01   5.7421644020247264e-01   1.0777180796820662e+00
  -4.6731854869246303e-01  -1.5349997375580801e-01   3.3478037438743051e-02   1.2557999733790320e-01   2.9051482982761534e-01   6.0611311418080183e-01   1.1080045692120892e+00
  -4.6320542201050613e-01  -1.4511818207324156e-01   4.8566408938706035e-02   1.4706964155993071e-01   3.2441019884317734e-01   6.4162673648965762e-01   1.1358478886348797e+00
  -4.5838340759801455e-01  -1.3556901770390842e-01   5.7169069990643751e-02   1.6959437848897066e-01   3.6232267710465521e-01   6.7829719298883606e-01   1.1601818888497817e+00
  -4.5336049249715882e-01  -1.2581024123167614e-01   6.7158301330901324e-02   1.9875276774814676e-01   3.9187469332168934e-01   7.0167676462862572e-01   1.1850198125611520e+00
  -4.4915749226487195e-01  -1.1510935839399204e-01   8.3861752795020408e-02   2.2398882419270538e-01   4.1959236955911161e-01   7.3483897633311390e-01   1.2077942344646748e+00
  -4.4369743868774864e-01  -1.0568571265154335e-01   9.4720032948209798e-02   2.4587285999759279e-01   4.4619150226584897e-01   7.6601956954412698e-01   1.2285863115304918e+00
  -4.3948888811731474e-01  -9.5462690126502880e-02   1.0826100681087560e-01   2.7186356640464382e-01   4.7579235372865725e-01   7.9649310584207222e-01   1.2479967610779588e+00
  -4.3584776510585832e-01  -8.5569547078912414e-02   1.2001576567146943e-01   2.9196997822642301e-01   5.0052044158779907e-01   8.1931488294186094e-01   1.2671218624258369e+00
  -4.3119435374783055e-01  -7.3617832165582972e-02   1.3804809729270170e-01   3.1715007304688542e-01   5.2765648496422879e-01   8.4773413114645779e-01   1.2840300019326796e+00
  -4.2691230162454968e-01  -5.9917027368641754e-02   1.5050648326558322e-01   3.3681142221664201e-01   5.5091867161396502e-01   8.7369378652785445e-01   1.2994607133195573e+00
  -4.2202777851500561e-01  -4.6442685685701424e-02   1.6085572892313380e-01   3.5731574797813226e-01   5.7601694099194711e-01   9.0253820500693960e-01   1.3135578192259405e+00
  -4.1682639928046894e-01  -3.6977146751412802e-02   1.6914385685740863e-01   3.7642815059006762e-01   6.0126855351999842e-01   9.2846607820400040e-01   1.3261705656462848e+00
  -4.1177454008008124e-01  -2.9382875126220582e-02   1.8474261354306307e-01   3.9167978453006447e-01   6.2305649028298304e-01   9.5486463104520336e-01   1.3371091486683708e+00
  -4.0750283161929185e-01  -1.8828823994602461e-02   1.9748907892412065e-01   4.0571274481356062e-01   6.4308351495962779e-01   9.7935072085408303e-01   1.3469316284946544e+00
  -4.0451640403907974e-01  -4.2820417269876397e-03   2.1076639023006383e-01   4.1987847911187337e-01   6.6466407372295644e-01   1.0049543461905468e+00   1.3559620878642102e+00
  -4.0188427410499789e-01   5.2483794218384019e-03   2.2481568331886354e-01   4.3530417399712856e-01   6.8571211556553568e-01   1.0245363267611407e+00   1.3637949151079927e+00
  -3.9959324385870770e-01   1.8664672878583276e-02   2.3134417580213076e-01   4.5167732755907397e-01   7.0468195917446119e-01   1.0456219380456611e+00   1.3708507934512197e+00
  -3.9795614503638682e-01   2.5030456319689882e-02   2.4260037972129153e-01   4.6568694364372326e-01   7.2462086746555809e-01   1.0645621358851618e+00   1.3766686801158980e+00
  -3.9591721450194090e-01   3.6071830993600076e-02   2.5220776704567854e-01   4.8070247791992915e-01   7.4185267712430303e-01   1.0809157112255530e+00   1.3825005015746135e+00
  -3.9422225596111443e-01   4.5386821170600361e-02   2.6628798037831075e-01   4.9304179967610551e-01   7.5944312111175305e-01   1.0970448579544221e+00   1.3867750554732705e+00
  -3.9246974537451906e-01   5.3754073131356057e-02   2.7924716236829766e-01   5.0984829805604381e-01   7.7697706484173901e-01   1.1126236204385902e+00   1.3911237114054167e+00
  -3.9250604236352066e-01   6.0062674598857550e-02   2.9002747708863957e-01   5.2127561631923935e-01   7.9318186027343751e-01   1.1276559621349236e+00   1.3942544941457935e+00
  -3.9264152187192558e-01   6.7593843736656764e-02   2.9751889618857913e-01   5.3161702233577990e-01   8.0686273455880964e-01   1.1421152935798908e+00   1.3962501263130598e+00
  -3.9279288835213083e-01   7.3647836190842850e-02   3.0677328074707827e-01   5.4175311524645875e-01   8.1936333370562453e-01   1.1530853216536825e+00   1.3988880402602133e+00
  -3.9297498560089228e-01   7.8089287736718735e-02   3.1688617658993029e-01   5.5185393848087483e-01   8.3161383755544849e-01   1.1638270458233773e+00   1.4001096981645249e+00
  -3.9326868273199106e-01   8.1609823072443285e-02   3.2293978164635001e-01   5.6073159591331556e-01   8.4205993319946637e-01   1.1745633856154911e+00   1.4007996346010687e+00
  -3.9368026840417075e-01   8.3738554036058468e-02   3.3026088719788066e-01   5.6899617990960583e-01   8.5282059594004389e-01   1.1831158635124812e+00   1.4007194732876187e+00
  -3.9413310319456540e-01   8.3711070721989522e-02   3.3681798921250988e-01   5.7568398530974285e-01   8.6263346701462518e-01   1.1900429953286791e+00   1.4004515006265623e+00
  -3.9467236465257832e-01   8.3597494951433135e-02   3.3870579381571875e-01   5.8211091033603424e-01   8.7093384033066590e-01   1.1958201039394252e+00   1.4001924935004755e+00
  -3.9528385539490080e-01   8.3474481526792696e-02   3.4103624620188400e-01   5.8799881382566255e-01   8.7873800816869618e-01   1.2012053544838450e+00   1.3998342344014472e+00
  -3.9591739236534002e-01   8.3257896978447918e-02   3.4100226488735041e-01   5.9333154622678685e-01   8.8462387850655644e-01   1.2056955188847829e+00   1.3981789798069260e+00
  -3.9675073467108279e-01   8.3044427324587097e-02   3.4147502033679300e-01   5.9585904137034373e-01   8.8748773941956838e-01   1.2095181726094038e+00   1.3945471055931895e+00
  -3.9765214161350176e-01   8.2751374614509168e-02   3.4144876937586860e-01   5.9585683415983881e-01   8.9037884077199403e-01   1.2114758748872787e+00   1.3897960425871736e+00
  -3.9865507973983616e-01   8.2388897077819948e-02   3.4136220619414653e-01   5.9584034178461209e-01   8.9168780353407551e-01   1.2114698244515161e+00   1.3841129912172407e+00
  -3.9964217881337905e-01   8.1988785534428579e-02   3.4126292425028160e-01   5.9576404877368450e-01   8.9165574920334689e-01   1.2114174866216632e+00   1.3776845467720682e+00
  -4.0073993353119713e-01   8.1444026449197141e-02   3.4100280604632283e-01   5.9567793162376070e-01   8.9156683807231574e-01   1.2112918484857973e+00   1.3707079031614042e+00
  -4.0198943606755710e-01   8.0832194214453035e-02   3.4075329208470972e-01   5.9550559430073224e-01   8.9140604989112660e-01   1.2110744748382019e+00   1.3630076616669182e+00
  -4.0327959733698182e-01   8.0077643220037797e-02   3.4046547550123130e-01   5.9527250431834711e-01   8.9122777474411197e-01   1.2107869025578055e+00   1.3547630335855612e+00
  -4.0453478059305881e-01   7.9395516023867824e-02   3.4012841546464706e-01   5.9506553997891520e-01   8.9103471378336607e-01   1.2103779516877176e+00   1.3459600789262447e+00
  -4.0585703754380742e-01   7.8630495053909441e-02   3.3973645404180108e-01   5.9478056900090959e-01   8.9077923404093928e-01   1.2098770794938061e+00   1.3365067677511193e+00
  -4.0720564456882630e-01   7.7804558679005778e-02   3.3922715206017406e-01   5.9442376563670174e-01   8.9045856549713220e-01   1.2093242567086655e+00   1.3263643130274072e+00
  -4.0872991717925994e-01   7.6797138017149560e-02   3.3855247536701771e-01   5.9395256187987755e-01   8.9008072531599081e-01   1.2086411781602835e+00   1.3155508935241378e+00
  -4.1010804492601854e-01   7.7089813621921577e-02   3.7841078879204487e-01   6.3505035416124311e-01   9.2758302988363861e-01   1.2078726080926985e+00   1.3029881257468940e+00
  -4.1178251251606696e-01   7.5414786725390662e-02   3.8159315638636337e-01   6.3460491577024603e-01   9.2698203657514600e-01   1.2071603038092531e+00   1.2910971274055794e+00
  -4.0814907858972205e-01   7.5103653220426059e-02   3.8038938728964472e-01   6.3330426711441301e-01   9.2602755325210206e-01   1.2058937185693570e+00   1.2789714784390569e+00
  -4.1164363807181376e-01   7.3139848727843737e-02   3.7813872678220267e-01   6.3281118908442691e-01   9.2536199387335072e-01   1.2048018528067310e+00   1.2648973894575688e+00
  -4.1458891286458810e-01   7.1559075084167645e-02   3.7996179300671185e-01   6.3132342819264065e-01   9.2386041667804053e-01   1.2036782051342660e+00   1.2483355805254794e+00
  -4.1633844140558468e-01   6.8777082538256734e-02   3.7846107385721939e-01   6.3090176168582213e-01   9.2343510230194070e-01   1.2025020313678478e+00   1.2365355829029037e+00
