   2.0398485999999998e+01   2.7330545000000001e+01   4.0358936999999997e+01   6.3051600999999998e+01   1.0393612000000000e+02   1.7154836000000000e+02   2.7216777999999999e+02
   2.0210542000000000e+01   2.6564845999999999e+01   3.9746377000000003e+01   6.1923934000000003e+01   1.0023988000000000e+02   1.6186573999999999e+02   2.4641239999999999e+02
   1.9822123000000001e+01   2.5989875000000001e+01   3.8120310000000003e+01   5.9781367000000003e+01   9.5733389000000003e+01   1.5262442999999999e+02   2.2430036999999999e+02
   1.9471294000000000e+01   2.5187978999999999e+01   3.6879876000000003e+01   5.7776626000000000e+01   9.1519255999999999e+01   1.4316873000000001e+02   2.0275774000000001e+02
   1.9120463999999998e+01   2.4352670000000000e+01   3.5518323000000002e+01   5.5425232000000001e+01   8.7012764000000004e+01   1.3400957000000000e+02   1.8349133000000000e+02
   1.8644338000000001e+01   2.3438006999999999e+01   3.3851883000000001e+01   5.2693772000000003e+01   8.2347564000000006e+01   1.2513023000000000e+02   1.6615030999999999e+02
   1.8059622000000001e+01   2.2243516000000000e+01   3.2289855000000003e+01   4.9933076999999997e+01   7.7724130000000002e+01   1.1633861000000000e+02   1.5040056000000001e+02
   1.7586279999999999e+01   2.1163183000000000e+01   3.0725044000000000e+01   4.6964947000000002e+01   7.3113225000000000e+01   1.0786997000000000e+02   1.3528146000000001e+02
   1.6660480000000000e+01   1.9875415000000000e+01   2.8434906000000002e+01   4.3588906999999999e+01   6.8414613000000003e+01   9.9753550000000004e+01   1.2181211000000000e+02
   1.5971349999999999e+01   1.9505222000000000e+01   2.7077528999999998e+01   4.0955786000000003e+01   6.3089520000000000e+01   9.4007005000000007e+01   1.1563082000000000e+02
   1.5299307000000001e+01   1.8537023000000001e+01   2.5389825999999999e+01   3.8108142999999998e+01   5.8510508999999999e+01   8.6737919000000005e+01   1.0420228000000000e+02
   1.4591193000000001e+01   1.7528957999999999e+01   2.3650865000000000e+01   3.5216836000000001e+01   5.3977060999999999e+01   7.9802957000000006e+01   9.3730540000000005e+01
   1.3845110000000000e+01   1.6467735999999999e+01   2.1767624000000001e+01   3.2329326000000002e+01   4.9449308000000002e+01   7.3223001999999994e+01   8.4071331999999998e+01
   1.3142692000000000e+01   1.5486249000000001e+01   2.0002085000000001e+01   2.9538634999999999e+01   4.5084820000000001e+01   6.6901233000000005e+01   7.5040504999999996e+01
   1.2428883000000001e+01   1.4519947999999999e+01   1.8314381999999998e+01   2.6744147999999999e+01   4.0853222000000002e+01   6.0799681999999997e+01   6.6658940000000001e+01
   1.1559402000000000e+01   1.3538461000000000e+01   1.6545047000000000e+01   2.4021801000000000e+01   3.6910184999999998e+01   5.4979098999999998e+01   5.8896264000000002e+01
   1.0830406000000000e+01   1.2463950000000001e+01   1.4800390999999999e+01   2.1341220000000000e+01   3.3014609000000000e+01   4.9418601000000002e+01   5.1448726999999998e+01
   1.0135581000000000e+01   1.1277431999999999e+01   1.3055735000000000e+01   1.8789732000000001e+01   2.9244329000000000e+01   4.4042250000000003e+01   4.4473899000000003e+01
   9.4331621000000005e+00   1.0227601000000000e+01   1.1421188000000001e+01   1.6211666000000001e+01   2.5671486999999999e+01   3.8893711000000003e+01   3.7950898000000002e+01
   8.7478294000000005e+00   9.0277942000000007e+00   9.6138835999999994e+00   1.3779779000000000e+01   2.2248619999999999e+01   3.4026139000000001e+01   3.1868331999999999e+01
   8.0245280999999995e+00   7.9020260000000002e+00   7.9128916000000000e+00   1.1416235000000000e+01   1.8778292000000000e+01   2.9312341000000000e+01   2.6146467000000001e+01
   7.3733671000000003e+00   6.8009373999999996e+00   6.3542817999999999e+00   8.9805512000000007e+00   1.5577541000000000e+01   2.4900392000000000e+01   2.0823273000000000e+01
   6.6026050999999999e+00   5.7226299000000003e+00   4.7045474000000000e+00   6.7498975000000003e+00   1.2445133999999999e+01   2.0537803000000000e+01   1.5824710000000000e+01
   5.8698116000000002e+00   4.6405256000000001e+00   3.1554297000000000e+00   4.6692197999999996e+00   9.5386395000000004e+00   1.6380244000000001e+01   1.1127998000000000e+01
   5.0876590000000004e+00   3.6362568000000000e+00   1.7050301999999999e+00   2.6720730000000001e+00   6.7593401000000002e+00   1.2420121999999999e+01   6.7559168999999999e+00
   4.3187954000000000e+00   2.6073084999999998e+00   3.6663810000000002e-01   8.3249563000000004e-01   4.0825557000000003e+00   8.8131074999999992e+00   2.7900995000000002e+00
   3.6315643000000000e+00   1.6296177999999999e+00  -9.6416031999999996e-01  -9.6911303000000004e-01   1.6430750000000001e+00   5.3826470000000004e+00  -9.1942984999999999e-01
   2.9291456999999999e+00   6.1585696000000001e-01  -2.2418027000000000e+00  -2.6890893000000000e+00  -7.6792930999999998e-01   2.0831781000000000e+00  -4.3992494000000004e+00
   2.1488915999999998e+00  -3.0488090000000001e-01  -3.4776796999999999e+00  -4.3141441000000000e+00  -2.8486069999999999e+00  -9.2013592000000000e-01  -7.5582345000000002e+00
   1.4540667000000000e+00  -1.2294156000000001e+00  -4.6622991000000003e+00  -5.8006137000000004e+00  -5.0033234000000002e+00  -3.7772709000000000e+00  -1.0493205000000000e+01
   7.2886700999999998e-01  -2.0495367000000000e+00  -5.6191070999999999e+00  -7.2434193000000002e+00  -6.9055488000000000e+00  -6.4426645999999996e+00  -1.3107341000000000e+01
   7.0112294000000006e-02  -2.9664777000000000e+00  -6.6043913999999999e+00  -8.6026941000000008e+00  -8.6407124000000000e+00  -8.9694728999999995e+00  -1.5548719999999999e+01
  -6.0762671000000001e-01  -3.9175903999999999e+00  -7.6048631999999996e+00  -9.7949072000000008e+00  -1.0366384000000000e+01  -1.1374782000000000e+01  -1.7631295999999999e+01
  -1.2625846000000001e+00  -4.7244225999999996e+00  -8.4553591000000008e+00  -1.1025088999999999e+01  -1.1898415999999999e+01  -1.3373827000000000e+01  -1.9412022000000000e+01
  -1.8662848000000001e+00  -5.4648097000000000e+00  -9.2375115999999995e+00  -1.2103396000000000e+01  -1.3343120000000001e+01  -1.5319716000000000e+01  -2.0985818999999999e+01
  -2.4699851000000002e+00  -6.2621497000000002e+00  -1.0012070000000000e+01  -1.3164618000000001e+01  -1.4670121000000000e+01  -1.7163090000000000e+01  -2.2352687000000000e+01
  -3.0414121000000001e+00  -7.1069503999999997e+00  -1.0879652000000000e+01  -1.4212550000000000e+01  -1.5847147000000000e+01  -1.8801434000000000e+01  -2.3533510000000000e+01
  -3.6185344000000002e+00  -7.8796108000000000e+00  -1.1572578999999999e+01  -1.5144679000000000e+01  -1.7064039000000001e+01  -2.0278410999999998e+01  -2.4598528000000002e+01
  -4.2279299000000004e+00  -8.5649434000000007e+00  -1.2233231999999999e+01  -1.5924932999999999e+01  -1.8017050999999999e+01  -2.1493404999999999e+01  -2.5488890999999999e+01
  -4.6398888999999999e+00  -9.1876280000000001e+00  -1.2878697000000001e+01  -1.6648233999999999e+01  -1.8970061999999999e+01  -2.2602087999999998e+01  -2.6255856000000001e+01
  -5.1999253999999997e+00  -9.8217031000000006e+00  -1.3484296000000001e+01  -1.7401910000000001e+01  -1.9839542000000002e+01  -2.3585473000000000e+01  -2.6901322000000000e+01
  -5.6802277999999999e+00  -1.0501341000000000e+01  -1.4012059000000001e+01  -1.8081547000000000e+01  -2.0676749000000001e+01  -2.4443563000000001e+01  -2.7427185999999999e+01
  -6.2269752000000000e+00  -1.0994932000000000e+01  -1.4566400000000000e+01  -1.8668161999999999e+01  -2.1358284999999999e+01  -2.5104216000000001e+01  -2.7822060000000000e+01
  -6.8116912000000003e+00  -1.1431571000000000e+01  -1.5096062000000000e+01  -1.9302237000000002e+01  -2.2053108999999999e+01  -2.5688932000000001e+01  -2.8270088999999999e+01
  -7.3223684000000002e+00  -1.1942247999999999e+01  -1.5637114000000000e+01  -1.9710398999999999e+01  -2.2704270000000001e+01  -2.6205304999999999e+01  -2.8759882999999999e+01
  -7.8729126999999997e+00  -1.2401668000000001e+01  -1.6090838999999999e+01  -2.0213483000000000e+01  -2.3230135000000001e+01  -2.6617263999999999e+01  -2.9221201000000001e+01
  -8.2639888999999993e+00  -1.2942720000000000e+01  -1.6571141000000001e+01  -2.0640629000000001e+01  -2.3786375000000000e+01  -2.6957082000000000e+01  -2.9574309000000000e+01
  -8.7120180999999999e+00  -1.3303421000000000e+01  -1.7002084000000000e+01  -2.0957666000000000e+01  -2.4204028999999998e+01  -2.7260831000000000e+01  -2.9914128000000002e+01
  -9.2397813000000006e+00  -1.3798911000000000e+01  -1.7419739000000000e+01  -2.1248125999999999e+01  -2.4614089000000000e+01  -2.7575970000000002e+01  -3.0282423000000001e+01
  -9.6593339999999994e+00  -1.4235549000000001e+01  -1.7759557000000001e+01  -2.1639202000000001e+01  -2.4967196999999999e+01  -2.7925280999999998e+01  -3.0569085000000001e+01
  -1.0056106000000000e+01  -1.4658899000000000e+01  -1.8070899000000001e+01  -2.1944849000000001e+01  -2.5358273000000001e+01  -2.8206247999999999e+01  -3.0863341999999999e+01
  -1.0424401000000000e+01  -1.5072756000000000e+01  -1.8370850999999998e+01  -2.2203035000000000e+01  -2.5624053000000000e+01  -2.8473927000000000e+01  -3.1208856000000001e+01
  -1.0832563000000000e+01  -1.5422067000000000e+01  -1.8858747000000001e+01  -2.2449831000000000e+01  -2.5830981999999999e+01  -2.8734010999999999e+01  -3.1636002000000001e+01
  -1.1212249000000000e+01  -1.5843518000000000e+01  -1.9143512000000001e+01  -2.2692830000000001e+01  -2.6233449000000000e+01  -2.9060541000000001e+01  -3.2180850999999997e+01
  -1.1542574999999999e+01  -1.6179539999999999e+01  -1.9511807000000001e+01  -2.2899759000000000e+01  -2.6440377000000002e+01  -2.9332015999999999e+01  -3.2765566999999997e+01
  -1.1741910000000001e+01  -1.6494679000000001e+01  -1.9732023999999999e+01  -2.3188320000000001e+01  -2.6719446000000001e+01  -2.9595897999999998e+01  -3.3416727999999999e+01
  -1.1967822999999999e+01  -1.6823107000000000e+01  -1.9982617000000001e+01  -2.3442709000000001e+01  -2.6918780999999999e+01  -2.9911037000000000e+01  -3.4028022000000000e+01
  -1.2286759000000000e+01  -1.7041426999999999e+01  -2.0250295000000001e+01  -2.3670521000000001e+01  -2.7237717000000000e+01  -3.0125558999999999e+01  -3.4810174000000004e+01
  -1.2605695000000001e+01  -1.7373652000000000e+01  -2.0476208000000000e+01  -2.3847073999999999e+01  -2.7585129999999999e+01  -3.0547010000000000e+01  -3.5916958000000001e+01
  -1.2882866000000000e+01  -1.7565393000000000e+01  -2.0734394999999999e+01  -2.4114753000000000e+01  -2.7812940999999999e+01  -3.0886828999999999e+01  -3.6961094000000003e+01
  -1.3237871999999999e+01  -1.7783712000000001e+01  -2.1078009999999999e+01  -2.4234354000000000e+01  -2.8249580000000002e+01  -3.1287396999999999e+01  -3.8176088000000000e+01
  -1.3581486999999999e+01  -1.8030508000000001e+01  -2.1421626000000000e+01  -2.4521017000000001e+01  -2.8634961000000001e+01  -3.1754411000000001e+01  -3.9588518000000001e+01
  -1.3983954000000001e+01  -1.8193773000000000e+01  -2.1649436999999999e+01  -2.4701367000000001e+01  -2.9014645999999999e+01  -3.2253697000000003e+01  -4.1162315000000000e+01
  -1.4152914000000001e+01  -1.8419685999999999e+01  -2.1837382000000002e+01  -2.4912092999999999e+01  -2.9437995999999998e+01  -3.2849803999999999e+01  -4.2891782999999997e+01
  -1.4375030000000001e+01  -1.8605732000000000e+01  -2.2067091000000001e+01  -2.5212045000000000e+01  -2.9690487000000001e+01  -3.3499065999999999e+01  -4.4727564000000001e+01
  -1.4623723999999999e+01  -1.8918972000000000e+01  -2.2268325000000001e+01  -2.5426566999999999e+01  -2.9980945999999999e+01  -3.4252741999999998e+01  -4.6756982999999998e+01
  -1.4898997000000000e+01  -1.9146784000000000e+01  -2.2496136000000000e+01  -2.5656276999999999e+01  -3.0343546000000000e+01  -3.5124121000000002e+01  -4.9033199000000003e+01
  -1.5235018000000000e+01  -1.9353712999999999e+01  -2.2864431000000000e+01  -2.5988502000000000e+01  -3.0818152999999999e+01  -3.6134084999999999e+01  -5.1578991000000002e+01
  -1.5536868000000000e+01  -1.9608101999999999e+01  -2.3124516000000000e+01  -2.6313133000000001e+01  -3.1165565999999998e+01  -3.7219985999999999e+01  -5.4400055000000002e+01
  -1.5711524000000001e+01  -1.9765671999999999e+01  -2.3405483000000000e+01  -2.6696615999999999e+01  -3.1744586000000002e+01  -3.8397010999999999e+01  -5.7306547999999999e+01
  -1.5874789000000000e+01  -1.9968803000000001e+01  -2.3648482000000001e+01  -2.6998466000000001e+01  -3.2314115000000001e+01  -3.9724012999999999e+01  -6.0547165000000000e+01
  -1.6024764999999999e+01  -2.0194716000000000e+01  -2.3923753999999999e+01  -2.7385745000000000e+01  -3.2870353999999999e+01  -4.1202888000000002e+01  -6.4030781000000005e+01
  -1.6201318000000001e+01  -2.0462395000000001e+01  -2.4094612999999999e+01  -2.7761634000000001e+01  -3.3500632000000003e+01  -4.2784278999999998e+01  -6.7797262000000003e+01
  -1.6309529000000001e+01  -2.0667425000000001e+01  -2.4434431000000000e+01  -2.8234342000000002e+01  -3.4197355999999999e+01  -4.4508051999999999e+01  -7.1821929999999995e+01
  -1.6486083000000001e+01  -2.0851572999999998e+01  -2.4770453000000000e+01  -2.8798176000000002e+01  -3.5102905999999997e+01  -4.6258403000000001e+01  -7.6194010000000006e+01
  -1.6626566000000000e+01  -2.1113555999999999e+01  -2.5083694000000001e+01  -2.9344923000000001e+01  -3.6040730000000003e+01  -4.8266939999999998e+01  -8.0922994000000003e+01
  -1.6820205999999999e+01  -2.1212274000000001e+01  -2.5421614000000002e+01  -2.9787257000000000e+01  -3.7157004999999998e+01  -5.0364702999999999e+01  -8.5864600999999993e+01
  -1.7074596000000000e+01  -2.1525514999999999e+01  -2.5888628000000001e+01  -3.0398551000000001e+01  -3.8328336000000000e+01  -5.2585864000000001e+01  -9.1197286000000005e+01
  -1.7213180999999999e+01  -2.1778005000000000e+01  -2.6209461999999998e+01  -3.1023133999999999e+01  -3.9497767000000003e+01  -5.4875368000000002e+01  -9.6947624000000005e+01
  -1.7475163999999999e+01  -2.2098839999999999e+01  -2.6611929000000000e+01  -3.1659106999999999e+01  -4.0754527000000003e+01  -5.7373699999999999e+01  -1.0300360999999999e+02
  -1.7775116000000001e+01  -2.2429165999999999e+01  -2.7058059000000000e+01  -3.2338745000000003e+01  -4.2058746999999997e+01  -5.9959358999999999e+01  -1.0947345000000000e+02
  -1.7938379999999999e+01  -2.2746203999999999e+01  -2.7604807000000001e+01  -3.3238599999999998e+01  -4.3480670000000003e+01  -6.2698791000000000e+01  -1.1644258000000001e+02
  -1.8141511999999999e+01  -2.3002492000000000e+01  -2.8033852000000000e+01  -3.4087197000000003e+01  -4.4917780000000000e+01  -6.5609081000000003e+01  -1.2389771000000000e+02
  -1.8418683000000001e+01  -2.3226506000000001e+01  -2.8648942000000002e+01  -3.4968068000000002e+01  -4.6438420999999998e+01  -6.8699721999999994e+01  -1.3179895999999999e+02
  -1.8553470999999998e+01  -2.3672637000000002e+01  -2.9146331000000000e+01  -3.5888804999999998e+01  -4.8086257000000003e+01  -7.1999189999999999e+01  -1.4030960999999999e+02
  -1.8872406999999999e+01  -2.4073205000000002e+01  -2.9649414000000000e+01  -3.6771574999999999e+01  -4.9715108000000001e+01  -7.5499891000000005e+01  -1.4942395999999999e+02
  -1.9094522999999999e+01  -2.4333290000000002e+01  -3.0298677000000001e+01  -3.7673327999999998e+01  -5.1471153999999999e+01  -7.9038561000000001e+01  -1.5917618999999999e+02
  -1.9333725000000001e+01  -2.4692093000000000e+01  -3.0934650000000001e+01  -3.8821877000000001e+01  -5.3329715999999998e+01  -8.2768972000000005e+01  -1.6974283000000000e+02
  -1.9536857000000001e+01  -2.4866748999999999e+01  -3.1492788000000001e+01  -3.9888793999999997e+01  -5.5292690000000000e+01  -8.6786045999999999e+01  -1.8102708999999999e+02
  -1.9730497000000000e+01  -2.5229348000000002e+01  -3.2149644000000002e+01  -4.1016460000000002e+01  -5.7360078999999999e+01  -9.0898041000000006e+01  -1.9319031000000001e+02
  -1.9886168000000001e+01  -2.5495128000000001e+01  -3.2865352000000001e+01  -4.2275117999999999e+01  -5.9617310000000003e+01  -9.5173300999999995e+01  -2.0631224000000000e+02
  -1.9988683000000002e+01  -2.5743822999999999e+01  -3.3571567000000002e+01  -4.3626798999999998e+01  -6.1904915000000003e+01  -9.9636504000000002e+01  -2.2047451000000001e+02
  -2.0205103999999999e+01  -2.6002009000000001e+01  -3.4213236000000002e+01  -4.4828504000000002e+01  -6.4266559999999998e+01  -1.0431043000000000e+02  -2.3581190000000001e+02
  -2.0290533000000000e+01  -2.6339929000000001e+01  -3.4923248000000001e+01  -4.6172590999999997e+01  -6.6757298000000006e+01  -1.0906789000000001e+02  -2.5235290000000001e+02
  -2.0356978000000002e+01  -2.6732904000000001e+01  -3.5600987000000003e+01  -4.7505288000000000e+01  -6.9291698999999994e+01  -1.1396204000000000e+02  -2.7034618999999998e+02
  -2.0599976999999999e+01  -2.6960715000000000e+01  -3.6453381000000000e+01  -4.8968975999999998e+01  -7.1902038000000005e+01  -1.1900427000000001e+02  -2.8971204000000000e+02
  -2.0835381999999999e+01  -2.7262564999999999e+01  -3.7226042000000000e+01  -5.0445953000000003e+01  -7.4518072000000004e+01  -1.2423254000000000e+02  -3.1060613000000001e+02
  -2.1000546000000000e+01  -2.7600486000000000e+01  -3.8006295999999999e+01  -5.1985577999999997e+01  -7.7282183000000003e+01  -1.2949118000000001e+02  -3.3304552999999999e+02
  -2.1055599999999998e+01  -2.7913726000000000e+01  -3.8746682999999997e+01  -5.3468251000000002e+01  -8.0025411000000005e+01  -1.3505736999999999e+02  -3.5701317000000000e+02
  -2.1112552999999998e+01  -2.8329481999999999e+01  -3.9574396999999998e+01  -5.5047742999999997e+01  -8.2711686999999998e+01  -1.4049257000000000e+02  -3.8253372000000002e+02
  -2.1199881000000001e+01  -2.8703472999999999e+01  -4.0335667000000001e+01  -5.6591164999999997e+01  -8.5546040000000005e+01  -1.4614039000000000e+02  -4.0922750000000002e+02
  -2.1260629999999999e+01  -2.9090751999999998e+01  -4.1005811999999999e+01  -5.7921964000000003e+01  -8.8232315000000000e+01  -1.5178062000000000e+02  -4.3701855999999998e+02
  -2.1317582999999999e+01  -2.9386907000000001e+01  -4.1681652999999997e+01  -5.9247065999999997e+01  -9.0945169000000007e+01  -1.5744743000000000e+02  -4.6551963999999998e+02
  -2.1334669000000002e+01  -2.9852022000000002e+01  -4.2420141000000001e+01  -6.0612036000000003e+01  -9.3578288999999998e+01  -1.6303828999999999e+02  -4.9426940999999999e+02
  -2.1325177000000000e+01  -3.0034271000000000e+01  -4.3735751999999998e+01  -6.2871166000000002e+01  -9.6558820999999995e+01  -1.6856841000000000e+02  -5.2640787999999998e+02
  -2.1450472999999999e+01  -3.0813891999999999e+01  -4.3979384000000003e+01  -6.3636865000000000e+01  -9.9371024000000006e+01  -1.7461743999999999e+02  -5.5691052999999999e+02
  -2.1358588999999998e+01  -3.0978169000000001e+01  -4.4479177000000000e+01  -6.4633666000000005e+01  -1.0172520000000000e+02  -1.8011654999999999e+02  -5.8531795000000000e+02
  -2.1425414000000000e+01  -3.1487707000000000e+01  -4.4884301000000001e+01  -6.5882452000000001e+01  -1.0418101000000000e+02  -1.8549592999999999e+02  -6.1201437999999996e+02
  -2.1684359000000001e+01  -3.1792594999999999e+01  -4.5473193999999999e+01  -6.6826351000000003e+01  -1.0630269000000000e+02  -1.9046184000000000e+02  -6.3554498999999998e+02
  -2.1818009000000000e+01  -3.2093305999999998e+01  -4.6066262999999999e+01  -6.8162844000000007e+01  -1.0844526000000000e+02  -1.9523980000000000e+02  -6.5499095999999997e+02
  -2.1951657999999998e+01  -3.2573608000000000e+01  -4.6567447999999999e+01  -6.9495160999999996e+01  -1.1030800000000001e+02  -1.9965022999999999e+02  -6.6960883999999999e+02
  -2.2156309000000000e+01  -3.2782435000000000e+01  -4.6993454999999997e+01  -7.0543473000000006e+01  -1.1238791000000001e+02  -2.0379752999999999e+02  -6.7833780000000002e+02
  -2.2173014999999999e+01  -3.2749023000000001e+01  -4.7440345000000001e+01  -7.1295250999999993e+01  -1.1421724000000000e+02  -2.0732253000000000e+02  -6.8000423999999998e+02
  -2.2164662000000000e+01  -3.2903554999999997e+01  -4.7674230999999999e+01  -7.2297621000000007e+01  -1.1593380000000001e+02  -2.1055934999999999e+02  -6.7419467999999995e+02
  -2.1980893999999999e+01  -3.2970379999999999e+01  -4.7991647999999998e+01  -7.2894865999999993e+01  -1.1737888000000000e+02  -2.1319057000000001e+02  -6.6053322000000003e+02
  -2.1838892000000001e+01  -3.2957850000000001e+01  -4.8279829999999997e+01  -7.3341756000000004e+01  -1.1879055000000000e+02  -2.1517025000000001e+02  -6.3886117000000002e+02
  -2.1801303000000001e+01  -3.2995438999999998e+01  -4.8647365999999998e+01  -7.4047590999999997e+01  -1.1995162999999999e+02  -2.1654433000000000e+02  -6.1007646999999997e+02
  -2.1801303000000001e+01  -3.2991262999999996e+01  -4.8701661000000001e+01  -7.4552953000000002e+01  -1.2069923000000000e+02  -2.1724180999999999e+02  -5.7643444999999997e+02
  -2.1663477000000000e+01  -3.2832554000000002e+01  -4.8751778999999999e+01  -7.4816074999999998e+01  -1.2124636000000000e+02  -2.1688681000000000e+02  -5.3856160000000000e+02
  -2.1671830000000000e+01  -3.2569431999999999e+01  -4.8672424999999997e+01  -7.5175257999999999e+01  -1.2171413000000000e+02  -2.1517025000000001e+02  -4.9859213000000000e+02
  -2.1676006000000001e+01  -3.2561078999999999e+01  -4.8593071000000002e+01  -7.5279670999999993e+01  -1.2143429999999999e+02  -2.1185408000000001e+02  -4.5786252999999999e+02
  -2.1488061999999999e+01  -3.2243662000000000e+01  -4.8217182000000001e+01  -7.4853663999999995e+01  -1.2037763000000000e+02  -2.0686311000000001e+02  -4.1752969999999999e+02
  -2.1521474000000001e+01  -3.2214426000000003e+01  -4.7962412999999998e+01  -7.4348303000000001e+01  -1.1876130999999999e+02  -2.0063171000000000e+02  -3.7841224000000000e+02
  -2.1300117000000000e+01  -3.1846889999999998e+01  -4.7394402999999997e+01  -7.3366815000000003e+01  -1.1639739000000000e+02  -1.9287170000000000e+02  -3.4195522999999997e+02
  -2.1062055000000001e+01  -3.1441765000000000e+01  -4.6559094999999999e+01  -7.1963497000000004e+01  -1.1302274000000000e+02  -1.8434321000000000e+02  -3.0799160999999998e+02
  -2.0849050999999999e+01  -3.0723400000000002e+01  -4.5652785000000002e+01  -7.0096582999999995e+01  -1.0937245000000000e+02  -1.7528846999999999e+02  -2.7697246000000001e+02
  -2.0347866000000000e+01  -2.9984152000000002e+01  -4.4554355000000001e+01  -6.7924780999999996e+01  -1.0522932000000000e+02  -1.6574507000000000e+02  -2.4925277000000000e+02
  -1.9997036000000001e+01  -2.8885721000000000e+01  -4.3313921999999998e+01  -6.5552505999999994e+01  -1.0058501000000000e+02  -1.5603879000000001e+02  -2.2456942000000001e+02
  -1.9633676999999999e+01  -2.7952960000000001e+01  -4.2287883999999998e+01  -6.3045188000000003e+01  -9.5953224000000006e+01  -1.4621696000000000e+02  -2.0077010000000001e+02
  -2.0155745000000000e+01  -2.6755685000000000e+01  -4.0791289999999996e+01  -6.1012605000000001e+01  -9.0419304999999994e+01  -1.3688935000000001e+02  -1.8100810000000001e+02
  -1.8399698999999998e+01  -2.5984922999999998e+01  -3.8144880999999998e+01  -5.6689883999999999e+01  -8.5261274999999998e+01  -1.2890646000000001e+02  -1.7287523999999999e+02
  -1.7875731999999999e+01  -2.5009131000000000e+01  -3.6366053999999998e+01  -5.3711250000000000e+01  -8.0236136999999999e+01  -1.2019268000000000e+02  -1.5601910000000001e+02
  -1.7256844999999998e+01  -2.3972588999999999e+01  -3.4479016000000001e+01  -5.0533281000000002e+01  -7.5201505999999995e+01  -1.1175797000000000e+02  -1.4089812000000001e+02
  -1.6639856000000002e+01  -2.2877196000000001e+01  -3.2612861000000002e+01  -4.7332531000000003e+01  -7.0117514999999997e+01  -1.0363839000000000e+02  -1.2716490000000000e+02
  -1.6184232999999999e+01  -2.1745732000000000e+01  -3.0490417999999998e+01  -4.4129882000000002e+01  -6.5027828999999997e+01  -9.5816867000000002e+01  -1.1472069999999999e+02
  -1.5510291000000000e+01  -2.0657933000000000e+01  -2.8354686000000001e+01  -4.0782952999999999e+01  -6.0152666000000004e+01  -8.8253529999999998e+01  -1.0325800000000000e+02
  -1.4849637000000000e+01  -1.9480906999999998e+01  -2.6247430000000001e+01  -3.7591695000000001e+01  -5.5336354000000000e+01  -8.1045198999999997e+01  -9.2554660999999996e+01
  -1.4179492000000000e+01  -1.8252624000000001e+01  -2.4090816000000000e+01  -3.4368164000000000e+01  -5.0725071999999997e+01  -7.4076070000000001e+01  -8.2747382000000002e+01
  -1.3554909000000000e+01  -1.6974982000000001e+01  -2.1943693000000000e+01  -3.1173109000000000e+01  -4.6216304999999998e+01  -6.7572055000000006e+01  -7.3629232000000002e+01
  -1.2890459000000000e+01  -1.5670761000000001e+01  -1.9779485000000001e+01  -2.8052092999999999e+01  -4.1865107000000002e+01  -6.1295851999999996e+01  -6.4998979000000006e+01
  -1.2222212000000001e+01  -1.4391220000000001e+01  -1.7662737000000000e+01  -2.4976638999999999e+01  -3.7658189999999998e+01  -5.5304412999999997e+01  -5.7204031999999998e+01
  -1.1470435000000000e+01  -1.3092695000000001e+01  -1.5564973999999999e+01  -2.2015091000000002e+01  -3.3591757000000001e+01  -4.9573058000000003e+01  -4.9765991000000000e+01
  -1.0752829000000000e+01  -1.1720132000000000e+01  -1.3548843000000000e+01  -1.9142769000000001e+01  -2.9703776000000001e+01  -4.4031545999999999e+01  -4.2787368999999998e+01
  -1.0040918000000000e+01  -1.0484254999999999e+01  -1.1576375000000001e+01  -1.6456492999999998e+01  -2.5906918999999998e+01  -3.8753915999999997e+01  -3.6163753000000000e+01
  -9.3726711999999992e+00  -9.2047138000000004e+00  -9.5013932000000008e+00  -1.3772114999999999e+01  -2.2241053999999998e+01  -3.3711689999999997e+01  -3.0054611000000001e+01
  -8.5924171000000005e+00  -7.8872045000000002e+00  -7.6618160000000000e+00  -1.1249103000000000e+01  -1.8859953000000001e+01  -2.8891580999999999e+01  -2.4146702000000001e+01
  -7.8178581999999999e+00  -6.5431170999999999e+00  -5.8659027000000004e+00  -8.7906385000000000e+00  -1.5545297000000000e+01  -2.4360032000000000e+01  -1.8766556000000001e+01
  -7.0527915999999999e+00  -5.3129353999999998e+00  -4.1231453000000000e+00  -6.3948216999999996e+00  -1.2340749000000001e+01  -2.0001239999999999e+01  -1.3741415999999999e+01
  -6.3275918999999998e+00  -4.0960426999999999e+00  -2.4772078000000000e+00  -4.0388719000000002e+00  -9.2842797000000008e+00  -1.5889244000000000e+01  -8.9934463000000004e+00
  -5.6460561000000000e+00  -2.9702746000000002e+00  -8.6544200999999998e-01  -1.8461869000000000e+00  -6.4423322000000001e+00  -1.1938615000000000e+01  -4.4808817000000003e+00
  -4.9759108000000003e+00  -1.8008426000000000e+00   7.5581597000000000e-01   2.3449075000000000e-01  -3.6022832000000000e+00  -8.0582270999999999e+00  -4.0115889999999998e-01
  -4.2450158000000000e+00  -7.5670691000000001e-01   2.3485974999999999e+00   2.1708878000000000e+00  -9.0841307000000004e-01  -4.5024705000000003e+00   3.5627597999999998e+00
  -3.5957531999999999e+00   3.3299107999999999e-01   3.8198796000000002e+00   4.0161604000000004e+00   1.6354812000000001e+00  -1.0492291000000000e+00   7.1375007999999998e+00
  -2.8515693000000000e+00   1.3201738999999999e+00   5.1943419000000004e+00   5.8481439999999996e+00   3.9667515000000000e+00   2.0926700999999999e+00   1.0378118000000001e+01
  -2.2023066999999998e+00   2.4231609000000001e+00   6.4207267999999997e+00   7.6193777999999996e+00   6.1100773999999998e+00   5.0466249000000003e+00   1.3379534000000000e+01
  -1.5397551000000000e+00   3.3875627000000001e+00   7.7268457000000001e+00   9.1153396000000004e+00   8.1869583000000006e+00   7.8297211999999998e+00   1.6033536999999999e+01
  -9.0188314000000003e-01   4.2361601999999996e+00   8.9798086000000001e+00   1.0616997000000000e+01   1.0184105000000001e+01   1.0398294999999999e+01   1.8417964000000001e+01
  -2.6970643000000000e-01   5.1018436999999999e+00   1.0132154999999999e+01   1.2000951000000001e+01   1.2065448000000000e+01   1.2832081000000001e+01   2.0585968999999999e+01
   3.7006400000000000e-01   6.0795344000000000e+00   1.1238939000000000e+01   1.3360226000000001e+01   1.3749354000000000e+01   1.5041852000000000e+01   2.2476804000000001e+01
   9.7566271999999998e-01   6.8578901999999999e+00   1.2254598000000000e+01   1.4569525000000001e+01   1.5342136000000000e+01   1.7073170000000001e+01   2.4113250000000001e+01
   1.5983472999999999e+00   7.7140814999999998e+00   1.3217101000000000e+01   1.5776926000000000e+01   1.6970987999999998e+01   1.8924137999999999e+01   2.5525680999999999e+01
   2.2172350000000001e+00   8.4316875000000007e+00   1.4086582000000000e+01   1.6957747999999999e+01   1.8337855999999999e+01   2.0568176999999999e+01   2.6676127999999999e+01
   2.8190369000000000e+00   9.1492935000000006e+00   1.4840258000000000e+01   1.7999986000000000e+01   1.9594615999999998e+01   2.2145772000000001e+01   2.7748740999999999e+01
   3.4379246000000001e+00   9.8915792000000007e+00   1.5630004000000000e+01   1.9011848000000001e+01   2.0769742999999998e+01   2.3396836000000000e+01   2.8652393000000000e+01
   4.0264373999999998e+00   1.0599693000000000e+01   1.6338118000000001e+01   1.9794001000000002e+01   2.1819575000000000e+01   2.4640307000000000e+01   2.9352913000000001e+01
   4.5712864000000000e+00   1.1351471000000000e+01   1.7106981999999999e+01   2.0517302000000001e+01   2.2842828000000001e+01   2.5750888000000000e+01   2.9924340000000001e+01
   5.2015646999999996e+00   1.2012124000000000e+01   1.7632846000000001e+01   2.1297556000000000e+01   2.3735088999999999e+01   2.6683015999999999e+01   3.0381861000000001e+01
   5.7995697000000002e+00   1.2648097999999999e+01   1.8192882999999998e+01   2.1969600000000000e+01   2.4433710999999999e+01   2.7448083000000000e+01   3.0829889999999999e+01
   6.3349266000000002e+00   1.3255595000000000e+01   1.8775700000000001e+01   2.2603674999999999e+01   2.5065888000000001e+01   2.8122025000000001e+01   3.1266528999999998e+01
   6.9101505000000003e+00   1.3840311000000000e+01   1.9288276000000000e+01   2.3095368000000001e+01   2.5736032999999999e+01   2.8645992000000000e+01   3.1627230999999998e+01
   7.5214445000000003e+00   1.4364277000000000e+01   1.9842617000000001e+01   2.3571874000000001e+01   2.6328343000000000e+01   2.9000997999999999e+01   3.1968948000000001e+01
   8.0131374999999991e+00   1.4865462000000001e+01   2.0340005999999999e+01   2.3957255000000000e+01   2.6730810000000002e+01   2.9374987999999998e+01   3.2308765999999999e+01
   8.4877445999999992e+00   1.5440685999999999e+01   2.0666535000000000e+01   2.4342635999999999e+01   2.7137073000000001e+01   2.9692025999999998e+01   3.2604920999999997e+01
   8.9072972999999998e+00   1.6029198999999998e+01   2.1087986999999998e+01   2.4841923000000001e+01   2.7444618999999999e+01   2.9974892000000001e+01   3.2832732999999998e+01
   9.4122792999999998e+00   1.6543672999999998e+01   2.1387937999999998e+01   2.5234898000000001e+01   2.7659141000000002e+01   3.0242570000000001e+01   3.3231403000000000e+01
   9.7331137000000005e+00   1.6982209999999998e+01   2.1737248999999998e+01   2.5633568000000000e+01   2.8067302999999999e+01   3.0476077000000000e+01   3.3567425000000000e+01
   1.0090018000000001e+01   1.7341013000000000e+01   2.2040997999999998e+01   2.6053120000000000e+01   2.8315996999999999e+01   3.0648834000000001e+01   3.3977485000000001e+01
   1.0445024000000000e+01   1.7737784999999999e+01   2.2447261000000001e+01   2.6330290999999999e+01   2.8519129000000000e+01   3.0791215999999999e+01   3.4596373000000000e+01
   1.0762062000000000e+01   1.8197205000000000e+01   2.2771892999999999e+01   2.6561899000000000e+01   2.8906409000000000e+01   3.0998145000000001e+01   3.5093761999999998e+01
   1.1194903999999999e+01   1.8442101999999998e+01   2.3068048000000001e+01   2.6871343000000000e+01   2.9179783000000000e+01   3.1262025999999999e+01   3.5760109999999997e+01
   1.1568894000000000e+01   1.8761037999999999e+01   2.3362304000000002e+01   2.7182684999999999e+01   2.9394304999999999e+01   3.1613236000000001e+01   3.6456833000000003e+01
   1.1889729000000001e+01   1.9095161000000001e+01   2.3647068000000001e+01   2.7440871999999999e+01   2.9633507000000002e+01   3.1992922000000000e+01   3.7218102999999999e+01
   1.2231446000000000e+01   1.9433081999999999e+01   2.3876778000000002e+01   2.7640207000000000e+01   2.9931560000000001e+01   3.2319451000000001e+01   3.7977474999999998e+01
   1.2582655000000001e+01   1.9634315000000001e+01   2.4300128000000001e+01   2.7843337999999999e+01   3.0203036000000001e+01   3.2664965000000002e+01   3.9000728000000002e+01
   1.2964238999999999e+01   1.9841244000000000e+01   2.4611470000000001e+01   2.7938260000000000e+01   3.0518174999999999e+01   3.3095908999999999e+01   4.0128394999999998e+01
   1.3252801000000000e+01   2.0082343999999999e+01   2.4875351999999999e+01   2.8122406999999999e+01   3.0844705000000001e+01   3.3655945000000003e+01   4.1250366000000000e+01
   1.3657166000000000e+01   2.0296866999999999e+01   2.5135437000000000e+01   2.8316047000000001e+01   3.1038343999999999e+01   3.4272934999999997e+01   4.2662796999999998e+01
   1.4067226000000000e+01   2.0444944000000000e+01   2.5406911999999998e+01   2.8390086000000000e+01   3.1254764999999999e+01   3.4815885000000002e+01   4.4189134000000003e+01
   1.4469692999999999e+01   2.0613904000000002e+01   2.5560684999999999e+01   2.8625491000000000e+01   3.1674318000000000e+01   3.5520201999999998e+01   4.5846462000000002e+01
   1.4822801000000000e+01   2.0807544000000000e+01   2.5649910999999999e+01   2.8902661999999999e+01   3.1898333000000001e+01   3.6232112999999998e+01   4.7699328999999999e+01
   1.5031628000000000e+01   2.1135971999999999e+01   2.5782800999999999e+01   2.9026060000000001e+01   3.2325479000000001e+01   3.6961109999999998e+01   4.9628132999999998e+01
   1.5219573000000000e+01   2.1244183000000000e+01   2.5987831000000000e+01   2.9267160000000001e+01   3.2765914000000002e+01   3.7718583000000002e+01   5.1826514000000003e+01
   1.5377141999999999e+01   2.1466298999999999e+01   2.6078956000000002e+01   2.9483581000000001e+01   3.3227232999999998e+01   3.8701968999999998e+01   5.4319150999999998e+01
   1.5612546999999999e+01   2.1639056000000000e+01   2.6215643000000000e+01   2.9787330000000001e+01   3.3665770000000002e+01   3.9772683000000001e+01   5.7028208999999997e+01
   1.5732148000000000e+01   2.1866866999999999e+01   2.6331447000000001e+01   3.0051210999999999e+01   3.4187837999999999e+01   4.0915537000000000e+01   5.9930906999999998e+01
   1.5923890000000000e+01   2.2068100999999999e+01   2.6458642000000001e+01   3.0322686999999998e+01   3.4745975999999999e+01   4.2083070999999997e+01   6.3070909000000000e+01
   1.6146006000000000e+01   2.2073796000000002e+01   2.6671265999999999e+01   3.0510631000000000e+01   3.5338285999999997e+01   4.3298065000000001e+01   6.6480486999999997e+01
   1.6311169000000000e+01   2.2284521999999999e+01   2.6916163000000001e+01   3.0814380000000000e+01   3.6107149000000000e+01   4.4640255000000003e+01   7.0176727999999997e+01
   1.6442160999999999e+01   2.2544606000000002e+01   2.7087021000000000e+01   3.1290884999999999e+01   3.6938661000000003e+01   4.6236832999999997e+01   7.4106476999999998e+01
   1.6499113999999999e+01   2.2753433000000001e+01   2.7366090000000000e+01   3.1666774000000000e+01   3.7675251000000003e+01   4.7971997000000002e+01   7.8353262999999998e+01
   1.6673769000000000e+01   2.2945174999999999e+01   2.7645159000000000e+01   3.2055951999999998e+01   3.8616872000000001e+01   4.9813473000000002e+01   8.2979735000000005e+01
   1.6958532999999999e+01   2.3036299000000000e+01   2.7924229000000000e+01   3.2629277000000002e+01   3.9585070999999999e+01   5.1846691000000000e+01   8.7982095000000001e+01
   1.7178750999999998e+01   2.3302078999999999e+01   2.8176720000000000e+01   3.3132361000000003e+01   4.0682363000000002e+01   5.4035578999999998e+01   9.3271119999999996e+01
   1.7518570000000000e+01   2.3497617000000002e+01   2.8467179000000002e+01   3.3692397999999997e+01   4.1709412999999998e+01   5.6199787999999998e+01   9.8981594999999999e+01
   1.7761569000000001e+01   2.3641898000000001e+01   2.8858255000000000e+01   3.4231551000000003e+01   4.2969970000000004e+01   5.8572825000000002e+01   1.0503758000000001e+02
   1.8093793999999999e+01   2.3778585000000000e+01   2.9179089999999999e+01   3.4793486000000001e+01   4.4192557999999998e+01   6.1065461999999997e+01   1.1150743000000000e+02
   1.8374760999999999e+01   2.3854521999999999e+01   2.9511315000000000e+01   3.5537669999999999e+01   4.5586005000000000e+01   6.3850456999999999e+01   1.1841392000000000e+02
   1.8558909000000000e+01   2.4108912000000000e+01   2.9866320999999999e+01   3.6302737000000000e+01   4.7074373000000001e+01   6.6774038000000004e+01   1.2587094999999999e+02
   1.8839876000000000e+01   2.4332926000000000e+01   3.0096031000000000e+01   3.7073498999999998e+01   4.8528568999999997e+01   6.9762164999999996e+01   1.3388231999999999e+02
   1.9054399000000000e+01   2.4378488000000001e+01   3.0422561000000002e+01   3.7728456999999999e+01   5.0176406000000000e+01   7.3059736999999998e+01   1.4232274000000001e+02
   1.9388521999999998e+01   2.4570229999999999e+01   3.0769973000000000e+01   3.8577055000000001e+01   5.1866007000000003e+01   7.6482605000000007e+01   1.5136876000000001e+02
   1.9570771000000001e+01   2.4606300000000001e+01   3.1128775999999998e+01   3.9448433999999999e+01   5.3532828000000002e+01   8.0112401000000006e+01   1.6089698000000001e+02
   1.9686575000000001e+01   2.4830314999999999e+01   3.1605281999999999e+01   4.0266657000000002e+01   5.5336336000000003e+01   8.3821932000000004e+01   1.7131746000000001e+02
   1.9857434000000001e+01   2.4948017000000000e+01   3.2002052999999997e+01   4.1295605000000002e+01   5.7185405000000003e+01   8.7651062999999994e+01   1.8242896999999999e+02
   1.9992222000000002e+01   2.5120774000000001e+01   3.2402622000000001e+01   4.2275193999999999e+01   5.9245201000000002e+01   9.1721294999999998e+01   1.9433023000000000e+02
   2.0149792000000001e+01   2.5291633000000001e+01   3.2740541999999998e+01   4.3315533000000002e+01   6.1253739000000003e+01   9.5962385999999995e+01   2.0725094999999999e+02
   2.0295971000000002e+01   2.5519444000000000e+01   3.3110736000000003e+01   4.4371060000000000e+01   6.3461612000000002e+01   1.0043698000000001e+02   2.2119112000000001e+02
   2.0356721000000000e+01   2.5792818000000000e+01   3.3511304000000003e+01   4.5341157000000003e+01   6.5589751000000007e+01   1.0494006000000000e+02   2.3624567999999999e+02
   2.0514289999999999e+01   2.5992152999999998e+01   3.3909973999999998e+01   4.6337831999999999e+01   6.7795725000000004e+01   1.0953805000000000e+02   2.5245258000000001e+02
   2.0575040000000001e+01   2.6189589000000002e+01   3.4483300000000000e+01   4.7543334999999999e+01   7.0145981000000006e+01   1.1443410000000000e+02   2.6988017000000002e+02
   2.0774374999999999e+01   2.6434487000000001e+01   3.4988281999999998e+01   4.8621642000000001e+01   7.2494337000000002e+01   1.1933395000000000e+02   2.8895371000000000e+02
   2.0918655999999999e+01   2.6711656999999999e+01   3.5508451000000001e+01   4.9701847999999998e+01   7.4819913000000000e+01   1.2421481000000000e+02   3.0932578000000001e+02
   2.1178740000000001e+01   2.7072358999999999e+01   3.6030518999999998e+01   5.0840905999999997e+01   7.7285972000000001e+01   1.2925324000000001e+02   3.3141212999999999e+02
   2.1294544999999999e+01   2.7345732999999999e+01   3.6448174000000002e+01   5.1951486000000003e+01   7.9733046999999999e+01   1.3442836000000000e+02   3.5476853999999997e+02
   2.1526153000000001e+01   2.7579239000000001e+01   3.6956952000000001e+01   5.3018403999999997e+01   8.2111778999999999e+01   1.3971738999999999e+02   3.7968356000000000e+02
   2.1634363000000000e+01   2.7750098000000001e+01   3.7496105999999997e+01   5.4172648000000002e+01   8.4382300000000001e+01   1.4500262000000001e+02   4.0579081000000002e+02
   2.1763456000000001e+01   2.7941839000000002e+01   3.8021971000000001e+01   5.5287025999999997e+01   8.6817984999999993e+01   1.5032202000000001e+02   4.3284347000000002e+02
   2.1890650999999998e+01   2.8148768000000000e+01   3.8564922000000003e+01   5.6528599000000000e+01   8.9050538000000003e+01   1.5562243000000001e+02   4.6048466000000002e+02
   2.2021643000000001e+01   2.8332916000000001e+01   3.9100279000000000e+01   5.7599311999999998e+01   9.1345737999999997e+01   1.6094562999999999e+02   4.8844288000000000e+02
   2.2139344999999999e+01   2.8505673000000002e+01   3.9599564999999998e+01   5.8622565999999999e+01   9.3635244000000000e+01   1.6624795000000000e+02   5.1594358999999997e+02
   2.2243759000000001e+01   2.8659445000000002e+01   4.0083665000000003e+01   5.9507233999999997e+01   9.5810844000000003e+01   1.7136991000000000e+02   5.4255962999999997e+02
   2.2293118000000000e+01   2.8854983000000001e+01   4.0489928999999997e+01   6.0610221000000003e+01   9.7874436000000003e+01   1.7639695000000000e+02   5.6742912000000001e+02
   2.2213384000000001e+01   2.8900545999999999e+01   4.0856324999999998e+01   6.1620184999999999e+01   9.9936130000000006e+01   1.8137843000000001e+02   5.9024071000000004e+02
   2.2135548000000000e+01   2.8999264000000000e+01   4.1199941000000003e+01   6.2635845000000003e+01   1.0186304000000000e+02   1.8600111000000001e+02   6.0981546000000003e+02
   2.2570288999999999e+01   2.8667038999999999e+01   4.1925141000000004e+01   6.2571297999999999e+01   1.0452084000000001e+02   1.9188813999999999e+02   6.4845429999999999e+02
   2.2417148999999998e+01   2.9196068000000000e+01   4.2217498999999997e+01   6.4067892999999998e+01   1.0614969000000001e+02   1.9634312000000000e+02   6.6172879999999998e+02
   2.2140104999999998e+01   2.9335286000000000e+01   4.2301029999999997e+01   6.5202521000000004e+01   1.0765742000000000e+02   1.9994888000000000e+02   6.6710263999999995e+02
   2.2140104999999998e+01   2.9585878000000001e+01   4.2380383999999999e+01   6.6100477999999995e+01   1.0928627000000000e+02   2.0337782000000001e+02   6.6897790999999995e+02
   2.2119222000000001e+01   2.9564996000000001e+01   4.2330266000000002e+01   6.6655957999999998e+01   1.1066871000000000e+02   2.0631393000000000e+02   6.6339802999999995e+02
   2.2098338999999999e+01   2.9740411000000002e+01   4.2614271000000002e+01   6.7098671999999993e+01   1.1210962000000001e+02   2.0881986000000001e+02   6.4997874999999999e+02
   2.2503464000000001e+01   2.9777999000000001e+01   4.2831451000000001e+01   6.7524679000000006e+01   1.1314122999999999e+02   2.1061994999999999e+02   6.2873260000000005e+02
   2.2653820000000000e+01   2.9744586999999999e+01   4.3065337000000000e+01   6.7574798000000001e+01   1.1398907000000000e+02   2.1200656000000001e+02   6.0054502000000002e+02
   2.2774939000000000e+01   2.9665233000000001e+01   4.3232399000000001e+01   6.7862978999999996e+01   1.1447772000000001e+02   2.1260799000000000e+02   5.6732469000000003e+02
   2.3038060999999999e+01   2.9844823999999999e+01   4.3487167999999997e+01   6.8263926999999995e+01   1.1476173000000000e+02   2.1200238999999999e+02   5.3018259000000000e+02
   2.3000471999999998e+01   2.9610938000000001e+01   4.3428696000000002e+01   6.8330752000000004e+01   1.1488702000000001e+02   2.1020647000000000e+02   4.9112763000000001e+02
   2.2720644000000000e+01   2.9706997999999999e+01   4.3290869999999998e+01   6.8113572000000005e+01   1.1459466000000000e+02   2.0700724000000000e+02   4.5116219000000001e+02
   2.2549406000000001e+01   2.9456406000000001e+01   4.2965100000000000e+01   6.7933981000000003e+01   1.1371759000000000e+02   2.0209144000000001e+02   4.1173971999999998e+02
   2.2328049000000000e+01   2.9251754999999999e+01   4.2739567000000001e+01   6.7416088999999999e+01   1.1227668000000000e+02   1.9566373999999999e+02   3.7375398999999999e+02
   2.1689038000000000e+01   2.8637803000000002e+01   4.2079673000000000e+01   6.6229951000000000e+01   1.1014664000000000e+02   1.8832972000000001e+02   3.3810296000000000e+02
   2.1456544000000001e+01   2.8124088000000000e+01   4.1437877000000000e+01   6.5272130000000004e+01   1.0740264999999999e+02   1.8009636000000000e+02   3.0293502000000001e+02
   2.0398485999999998e+01   2.7330545000000001e+01   4.0358936999999997e+01   6.3051600999999998e+01   1.0393612000000000e+02   1.7154836000000000e+02   2.7216777999999999e+02
