   4.9174767344558949e+00   1.0845299949775820e+01   1.9513316694378332e+01   2.9832782669355485e+01   4.1854703147851851e+01   3.5507721513855500e+01   2.1594111714313776e+01
   4.9174767344558949e+00   1.0845299949775820e+01   1.9513316694378332e+01   2.9832782669355485e+01   4.1854703147851851e+01   3.5507721513855500e+01   2.1594111714313776e+01
   4.8037753520355171e+00   1.0501108559719833e+01   1.8719231421130225e+01   2.7924105735424952e+01   3.7745368040334945e+01   2.8500347892865491e+01   1.5202147121997916e+01
   4.6867496940083502e+00   1.0151924048393745e+01   1.7888511697739446e+01   2.5996266400181625e+01   3.3405852042656363e+01   2.1870617242244897e+01   9.5059674600476374e+00
   4.5496626458150313e+00   9.7916922459742750e+00   1.6998623840519596e+01   2.4004182012772944e+01   2.9099616248966402e+01   1.5541757458916047e+01   4.3495212294185608e+00
   4.3988080392069504e+00   9.4128883978494748e+00   1.6047778157769798e+01   2.1910123642656838e+01   2.5040868478877123e+01   9.8048511305066608e+00  -3.1669556248182501e-01
   4.2537819882276233e+00   9.0109128416557276e+00   1.5059048838987092e+01   1.9751653872593074e+01   2.1155401024781096e+01   5.2444851231795653e+00  -4.4949770337789330e+00
   4.1215321013646138e+00   8.6017546949526533e+00   1.4074059652158130e+01   1.7615948746166644e+01   1.7297018431319593e+01   1.3804065411556252e+00  -8.1908692591417331e+00
   3.9849393860462681e+00   8.1985844328816313e+00   1.3096138881618087e+01   1.5547487501072036e+01   1.3504506119535122e+01  -2.0623266233418143e+00  -1.1449487405780317e+01
   3.8285167169144034e+00   7.7885452347240589e+00   1.2091600295945055e+01   1.3510442231527435e+01   9.9280614355079759e+00  -5.2086738362117764e+00  -1.4360188314062535e+01
   3.6621643279789988e+00   7.3673747286979454e+00   1.1058885987868832e+01   1.1463583028544177e+01   6.6363831337526733e+00  -8.0538633837525815e+00  -1.6957418826084375e+01
   3.5055480816557232e+00   6.9329925255940656e+00   1.0029433087404399e+01   9.4408284453844562e+00   3.5571522132347364e+00  -1.0586079316758436e+01  -1.9259809602422692e+01
   3.3602728440954648e+00   6.4962610405128194e+00   9.0234470149910795e+00   7.5016562526421637e+00   6.0496543786087398e-01  -1.2854329761948522e+01  -2.1282473515965432e+01
   3.2100414320655890e+00   6.0658832675161589e+00   8.0346492735011115e+00   5.6651772339339859e+00  -2.2239845670286598e+00  -1.4921896873689382e+01  -2.3047803726390626e+01
   3.0419742716973039e+00   5.6326454255634806e+00   7.0474111340567918e+00   3.8934863385065901e+00  -4.8711026933811556e+00  -1.6836549628687212e+01  -2.4594048724885820e+01
   2.8650129109935416e+00   5.1933286220928689e+00   6.0608899013447877e+00   2.1584506494124005e+00  -7.2876726885086613e+00  -1.8583066150989701e+01  -2.5943880733510330e+01
   2.6940318482195149e+00   4.7495091809396079e+00   5.0900373469310987e+00   4.7889913181628985e-01  -9.5305467963673198e+00  -2.0135587547592422e+01  -2.7110338096752525e+01
   2.5338586372270449e+00   4.3102584026513693e+00   4.1498230895049550e+00  -1.1137618933370725e+00  -1.1626750364337799e+01  -2.1520208172395762e+01  -2.8103482478385107e+01
   2.3727168661273663e+00   3.8793405044151021e+00   3.2381470266093304e+00  -2.6129038142544410e+00  -1.3451478028227548e+01  -2.2777657907646503e+01  -2.8940821215162984e+01
   2.1973616266464480e+00   3.4484249425725086e+00   2.3352423589766760e+00  -4.0469835820757272e+00  -1.5038367700408154e+01  -2.3926918020128717e+01  -2.9643947831840514e+01
   2.0132661820565825e+00   3.0135360492940420e+00   1.4416121323744948e+00  -5.4293385634679963e+00  -1.6404531951480390e+01  -2.4955028181146037e+01  -3.0224086969433269e+01
   1.8349368845904892e+00   2.5791321026071357e+00   5.7804095538284606e-01  -6.7583711891739719e+00  -1.7599354789832582e+01  -2.5853012366712512e+01  -3.0687539534554034e+01
   1.6690348932436123e+00   2.1535802314527417e+00  -2.4739358801504419e-01  -8.0170734806049690e+00  -1.8673853199196426e+01  -2.6636659678281351e+01  -3.1043744865505431e+01
   1.5017546196424558e+00   1.7386178246208541e+00  -1.0481751771668255e+00  -9.1958348943788479e+00  -1.9639617427747005e+01  -2.7324775469518723e+01  -3.1304199448981642e+01
   1.3199124711968353e+00   1.3270808177361773e+00  -1.8347761829187559e+00  -1.0314821136382800e+01  -2.0492734602097620e+01  -2.7927669374695309e+01  -3.1479013369587221e+01
   1.1309253430623971e+00   9.1288654584507856e-01  -2.6017756689855260e+00  -1.1391683329425035e+01  -2.1233698197592414e+01  -2.8443701426925220e+01  -3.1575470580947091e+01
   9.5031880273427882e-01   4.9838219635649106e-01  -3.3418816050751259e+00  -1.2373504050601360e+01  -2.1885064054363667e+01  -2.8872198683932950e+01  -3.1600746090781435e+01
   7.7979529439544037e-01   9.3843392531730532e-02  -4.0539061346805356e+00  -1.3232657538462876e+01  -2.2467320399992925e+01  -2.9221923208463679e+01  -3.1562085398374684e+01
   6.0708023186640281e-01  -2.9948129807282048e-01  -4.7460582726088285e+00  -1.3983457504111337e+01  -2.2981098790582685e+01  -2.9502185149370405e+01  -3.1467002933704137e+01
   4.2237694211804477e-01  -6.9050199911898957e-01  -5.4219699362252998e+00  -1.4649265366218536e+01  -2.3424281090251739e+01  -2.9718918544337260e+01  -3.1321746503066191e+01
   2.3058116049098121e-01  -1.0824606732342834e+00  -6.0824643507186291e+00  -1.5245171797461248e+01  -2.3799124764325938e+01  -2.9874276161340234e+01  -3.1131923863854070e+01
   4.5512132047167982e-02  -1.4749147729872791e+00  -6.7233267165958210e+00  -1.5777485285606035e+01  -2.4115136630473501e+01  -2.9971243032657881e+01  -3.0903574818964252e+01
  -1.2791335656187627e-01  -1.8607291064333606e+00  -7.3418924415275120e+00  -1.6246722623339057e+01  -2.4381426449254427e+01  -3.0015973795754057e+01  -3.0643071364880974e+01
  -3.0107145363497195e-01  -2.2384632997870764e+00  -7.9318513350025697e+00  -1.6657667076708815e+01  -2.4601052939948076e+01  -3.0013810274290396e+01  -3.0357390766312964e+01
  -4.8742286754905084e-01  -2.6148591967133017e+00  -8.4719148812423999e+00  -1.7019458569924527e+01  -2.4774152425666959e+01  -2.9968423185007151e+01  -3.0050380502102509e+01
  -6.8087720682672348e-01  -2.9894291244146922e+00  -8.9649005886097388e+00  -1.7340256676731983e+01  -2.4902845687547881e+01  -2.9883100013549189e+01  -2.9725952529083344e+01
  -8.6804797455003269e-01  -3.3631464142966210e+00  -9.4089066963685717e+00  -1.7622723483145442e+01  -2.4993623358173632e+01  -2.9763173979910633e+01  -2.9390738612848558e+01
  -1.0436703457154126e+00  -3.7293057954910411e+00  -9.8093029899247828e+00  -1.7866043315096544e+01  -2.5051327589725915e+01  -2.9613727144510786e+01  -2.9051734430285052e+01
  -1.2147711366644620e+00  -4.0692898109403224e+00  -1.0174305822985676e+01  -1.8073638900137755e+01  -2.5077857692098007e+01  -2.9436902212737539e+01  -2.8713915447045249e+01
  -1.3935051491902803e+00  -4.3899212801957024e+00  -1.0511394308348793e+01  -1.8251351916194309e+01  -2.5075415753855847e+01  -2.9234981573335556e+01  -2.8380269012942854e+01
  -1.5742567154598219e+00  -4.6941535398161482e+00  -1.0820667280023448e+01  -1.8403475321748818e+01  -2.5047394333191900e+01  -2.9012902447708289e+01  -2.8055307089982055e+01
  -1.7430158675735270e+00  -4.9846667242373792e+00  -1.1101077803266270e+01  -1.8531876466670052e+01  -2.4997288795136352e+01  -2.8776966824932387e+01  -2.7745852572168278e+01
  -1.8943502498213416e+00  -5.2583679862847861e+00  -1.1353997634567376e+01  -1.8636924102637359e+01  -2.4927132165571788e+01  -2.8530288318473918e+01  -2.7458276858661709e+01
  -2.0405266743881949e+00  -5.5133867791961375e+00  -1.1584973895931871e+01  -1.8721059954556626e+01  -2.4838920133249015e+01  -2.8274091659658701e+01  -2.7196544591366315e+01
  -2.1943502095101901e+00  -5.7569556951354466e+00  -1.1799313028336492e+01  -1.8787802850995824e+01  -2.4735987273762305e+01  -2.8010901725517954e+01  -2.6964477264254757e+01
  -2.3508748997663522e+00  -5.9892883650207516e+00  -1.1997098027230232e+01  -1.8839562925609446e+01  -2.4622520978026568e+01  -2.7745276215038981e+01  -2.6767458578083662e+01
  -2.4976310845643210e+00  -6.2102393537354299e+00  -1.2177708314243414e+01  -1.8878139512529383e+01  -2.4500904310208281e+01  -2.7483618310038327e+01  -2.6611723976622514e+01
  -2.6298086292184388e+00  -6.4198105607893581e+00  -1.2342845772699530e+01  -1.8905078514866094e+01  -2.4371465911548352e+01  -2.7229752896700258e+01  -2.6503184203411813e+01
  -2.7580974651677526e+00  -6.6178242500539639e+00  -1.2495545894538989e+01  -1.8922352525327277e+01  -2.4236290502857166e+01  -2.6984002098749691e+01  -2.6446135219482930e+01
  -2.8917281574809901e+00  -6.8075089950540653e+00  -1.2638712299997010e+01  -1.8932155432491548e+01  -2.4099607967535473e+01  -2.6747937673870251e+01  -2.6445285796049411e+01
  -3.0268976413061592e+00  -6.9908944116609142e+00  -1.2772854554209848e+01  -1.8936317700571390e+01  -2.3965212022418889e+01  -2.6526732391255944e+01  -2.6506506667672017e+01
  -3.1546238560580848e+00  -7.1683339354385254e+00  -1.2897589702389396e+01  -1.8936440237461497e+01  -2.3834394627807427e+01  -2.6326735712546835e+01  -2.6635666082850165e+01
  -3.2703332096755982e+00  -7.3375508446439817e+00  -1.3014032534259298e+01  -1.8934223234600989e+01  -2.3707537981273259e+01  -2.6150753202983449e+01  -2.6837303848709233e+01
  -3.3828894837291843e+00  -7.4981216665614037e+00  -1.3124092478468466e+01  -1.8931374975176087e+01  -2.3586869351000630e+01  -2.6000128241881789e+01  -2.7116003931607665e+01
  -3.5006899292015059e+00  -7.6534883037418728e+00  -1.3230281654835464e+01  -1.8929475976766490e+01  -2.3476637371318237e+01  -2.5877019238225625e+01  -2.7479006082392669e+01
  -3.6196119253626988e+00  -7.8056297126903473e+00  -1.3333727164971547e+01  -1.8930027998095969e+01  -2.3380295537249044e+01  -2.5786092537983773e+01  -2.7933038246702129e+01
  -3.7306401402264830e+00  -7.9546505250503747e+00  -1.3433779892940137e+01  -1.8934603072027869e+01  -2.3298669827367629e+01  -2.5732121918740681e+01  -2.8483269943223480e+01
  -3.8304555782556218e+00  -8.0989916137892415e+00  -1.3530675293985638e+01  -1.8944714185522116e+01  -2.3232505516094374e+01  -2.5717284783656133e+01  -2.9132682806689292e+01
  -3.9283531075651656e+00  -8.2381318356021040e+00  -1.3626742465971478e+01  -1.8961576698925018e+01  -2.3184555890904551e+01  -2.5744218491081774e+01  -2.9885929246178943e+01
  -4.0320107960657499e+00  -8.3736740406853851e+00  -1.3724089018961186e+01  -1.8986477690449441e+01  -2.3157803815325043e+01  -2.5816798990758397e+01  -3.0751076990829883e+01
  -4.1366472352900017e+00  -8.5067650085886992e+00  -1.3822971228333309e+01  -1.9021056729540739e+01  -2.3154212200345015e+01  -2.5938804183752470e+01  -3.1739060648545767e+01
  -4.2335115504728336e+00  -8.6386420657814025e+00  -1.3922831485718595e+01  -1.9066748618688145e+01  -2.3175001333972151e+01  -2.6111887821585601e+01  -3.2855810341497715e+01
  -4.3215357023913832e+00  -8.7674421660520405e+00  -1.4023874677541864e+01  -1.9124361516012883e+01  -2.3222157056964420e+01  -2.6337777508807918e+01  -3.4098712890386203e+01
  -4.4081918709464034e+00  -8.8925500612579373e+00  -1.4127746823841347e+01  -1.9194464393817725e+01  -2.3298641150931623e+01  -2.6621395384556973e+01  -3.5475477378490567e+01
  -4.4988115613558826e+00  -9.0162267902211202e+00  -1.4236533812456161e+01  -1.9278492855913825e+01  -2.3405964430040655e+01  -2.6967817746447061e+01  -3.6999607182753543e+01
  -4.5908487555828863e+00  -9.1393196115641722e+00  -1.4350720642114615e+01  -1.9378546076744758e+01  -2.3543944863184549e+01  -2.7379026319781225e+01  -3.8681492149445020e+01
  -4.6760613676223581e+00  -9.2625400544643828e+00  -1.4469348833189180e+01  -1.9495518822106327e+01  -2.3714005734137629e+01  -2.7853984121770953e+01  -4.0524992542761723e+01
  -4.7516239297099814e+00  -9.3844754786702946e+00  -1.4591849358670476e+01  -1.9629225197048061e+01  -2.3920821759358262e+01  -2.8393043134997395e+01  -4.2527550054760702e+01
  -4.8263381510356220e+00  -9.5045152574426126e+00  -1.4719517065459122e+01  -1.9779381895669676e+01  -2.4167267143507900e+01  -2.9002612379191742e+01  -4.4699658679270115e+01
  -4.9069294880154493e+00  -9.6241420263374291e+00  -1.4855005005465387e+01  -1.9947412805828368e+01  -2.4451452928895367e+01  -2.9690804091561841e+01  -4.7058538031887110e+01
  -4.9880384085584781e+00  -9.7434471390703017e+00  -1.4998273123398727e+01  -2.0136338088046752e+01  -2.4770661778941570e+01  -3.0459429487656664e+01  -4.9622419821765284e+01
  -5.0629830035594079e+00  -9.8634745243250297e+00  -1.5147734547822495e+01  -2.0346571305900614e+01  -2.5126996906060221e+01  -3.1301134612427042e+01  -5.2397027564582629e+01
  -5.1302182181002065e+00  -9.9831328455990569e+00  -1.5302606169385719e+01  -2.0575902475889269e+01  -2.5527132098664666e+01  -3.2214671713412500e+01  -5.5367995886711718e+01
  -5.1956081251324733e+00  -1.0100184873557636e+01  -1.5463526425320838e+01  -2.0822906516513299e+01  -2.5975022373407235e+01  -3.3211951996042409e+01  -5.8557323123063163e+01
  -5.2654429354211700e+00  -1.0217039876738184e+01  -1.5632793920460294e+01  -2.1089680463610016e+01  -2.6466367383870306e+01  -3.4303950563590853e+01  -6.1996818422087593e+01
  -5.3360800677335058e+00  -1.0334706548153038e+01  -1.5811519166846310e+01  -2.1379792717442594e+01  -2.6994410149630653e+01  -3.5490660456443706e+01  -6.5710255750423698e+01
  -5.4012149499522115e+00  -1.0453279051866575e+01  -1.5997581746819746e+01  -2.1693446387668637e+01  -2.7561046553625104e+01  -3.6755782685537845e+01  -6.9707810426592005e+01
  -5.4581161542459293e+00  -1.0572146737991401e+01  -1.6188374882441249e+01  -2.2027408419829129e+01  -2.8176285627697123e+01  -3.8096103318415437e+01  -7.3961555536561391e+01
  -5.5122817444852146e+00  -1.0689296664236311e+01  -1.6385190486832062e+01  -2.2378362535786348e+01  -2.8846084155562046e+01  -3.9531614333929326e+01  -7.8494241868338193e+01
  -5.5708016992574425e+00  -1.0805093344485408e+01  -1.6591025326207138e+01  -2.2748150731943166e+01  -2.9559953420067256e+01  -4.1071455854738062e+01  -8.3357646666050201e+01
  -5.6317164623275664e+00  -1.0921376280040343e+01  -1.6806006236710765e+01  -2.3141244430603479e+01  -3.0304145811602151e+01  -4.2712557308750981e+01  -8.8584183172860804e+01
  -5.6871183210864737e+00  -1.1039115441374344e+01  -1.7026968545162134e+01  -2.3559524903927326e+01  -3.1086458097912690e+01  -4.4435914300037894e+01  -9.4187870697136603e+01
  -5.7342028958860300e+00  -1.1154823265760658e+01  -1.7251297528510218e+01  -2.3997298409476812e+01  -3.1921040012522354e+01  -4.6234398399649002e+01  -1.0013118944688118e+02
  -5.7799585116624907e+00  -1.1267256969525855e+01  -1.7480375678808777e+01  -2.4446187097673228e+01  -3.2810731034821387e+01  -4.8129081094204501e+01  -1.0643436544821961e+02
  -5.8290268691291409e+00  -1.1379442125992117e+01  -1.7716579148749389e+01  -2.4908776895336786e+01  -3.3741362187879297e+01  -5.0135578261865291e+01  -1.1322099089124555e+02
  -5.8792991376146819e+00  -1.1491597891502574e+01  -1.7959594378422551e+01  -2.5393699587783075e+01  -3.4694305664454589e+01  -5.2251565053491518e+01  -1.2054582088412633e+02
  -5.9235725414315690e+00  -1.1603390989901770e+01  -1.8206615373731886e+01  -2.5900700111709224e+01  -3.5674856329386621e+01  -5.4435763111305832e+01  -1.2841487626521882e+02
  -5.9590651057312467e+00  -1.1712907700941804e+01  -1.8453160598492293e+01  -2.6419950710882528e+01  -3.6704946789818052e+01  -5.6681618204244828e+01  -1.3678261651665164e+02
  -5.9930723121757321e+00  -1.1818391918011391e+01  -1.8700424682991198e+01  -2.6945795149347187e+01  -3.7789352094385698e+01  -5.9030918930180192e+01  -1.4566719802233874e+02
  -6.0315325387917049e+00  -1.1922736967617412e+01  -1.8954424548930291e+01  -2.7480105813094223e+01  -3.8902622626584332e+01  -6.1495520834111751e+01  -1.5523504149545747e+02
  -6.0716538178788362e+00  -1.2025942591970425e+01  -1.9213336873119069e+01  -2.8030029788788831e+01  -4.0023164013921445e+01  -6.4052268487175354e+01  -1.6558263936336289e+02
  -6.1054345060421875e+00  -1.2128384354740426e+01  -1.9471245236747450e+01  -2.8595838045402260e+01  -4.1156582617766048e+01  -6.6658748685510261e+01  -1.7673840091389698e+02
  -6.1301250231383202e+00  -1.2228623581219958e+01  -1.9725078647360011e+01  -2.9164639173652802e+01  -4.2325786669047972e+01  -6.9308687342833323e+01  -1.8852149739284440e+02
  -6.1540792644062314e+00  -1.2322873824548511e+01  -1.9976833402138428e+01  -2.9729681654795829e+01  -4.3544033404488466e+01  -7.2022953109834830e+01  -2.0093878692907083e+02
  -6.1829346795030746e+00  -1.2412819800728867e+01  -2.0230355983317377e+01  -3.0294971166599488e+01  -4.4780435881848348e+01  -7.4830468360076907e+01  -2.1430409450633456e+02
  -6.2121014883486660e+00  -1.2500533654977538e+01  -2.0484352243033687e+01  -3.0869298419196287e+01  -4.5993125551875572e+01  -7.7715142750280350e+01  -2.2870154613907508e+02
  -6.2350822394128027e+00  -1.2587142658194482e+01  -2.0734177270607482e+01  -3.1450972131635591e+01  -4.7192561684879273e+01  -8.0591027945029751e+01  -2.4390324965535763e+02
  -6.2491754772414243e+00  -1.2669539837957515e+01  -2.0975187046992129e+01  -3.2023065105861242e+01  -4.8411937325019714e+01  -8.3439636185696173e+01  -2.5942936015321095e+02
  -6.2613663615039741e+00  -1.2745888917279887e+01  -2.1210231184096951e+01  -3.2577507939609362e+01  -4.9660313440175891e+01  -8.6313067477097547e+01  -2.7506655611815421e+02
  -6.2786602665883784e+00  -1.2818935275110650e+01  -2.1441829842945658e+01  -3.3121410272922319e+01  -5.0900238360646085e+01  -8.9242667106120152e+01  -2.9081345160322036e+02
  -6.2972053498826677e+00  -1.2888158213400237e+01  -2.1670118307523857e+01  -3.3663278608950364e+01  -5.2090497887827567e+01  -9.2166800163039355e+01  -3.0623964802516457e+02
  -6.3084611069225529e+00  -1.2954080008447958e+01  -2.1890941143657447e+01  -3.4200451233450501e+01  -5.3247082314089617e+01  -9.4994626926082475e+01  -3.2052040257911801e+02
  -6.3115096942928473e+00  -1.3015344291555905e+01  -2.2094689824178339e+01  -3.4715241304422378e+01  -5.4397527665234961e+01  -9.7708858829503384e+01  -3.3218815808066023e+02
  -6.3138841518325819e+00  -1.3068090680106717e+01  -2.2286302110106032e+01  -3.5197330093865666e+01  -5.5548064264602331e+01  -1.0033690227636333e+02  -3.4034922096509365e+02
  -6.3188603685034499e+00  -1.3115008728616910e+01  -2.2472206441041578e+01  -3.5654633392737352e+01  -5.6663223976900753e+01  -1.0292650693784390e+02  -3.4503035794889888e+02
  -6.3245042118631627e+00  -1.3158123042591361e+01  -2.2651640834583439e+01  -3.6100161606871261e+01  -5.7689035229077874e+01  -1.0541396580071854e+02  -3.4574070762565390e+02
  -6.3241644105146237e+00  -1.3197820504411412e+01  -2.2820611195681199e+01  -3.6535747737788888e+01  -5.8637936102889292e+01  -1.0764998797719711e+02  -3.3606067376193863e+02
  -6.3007450678708921e+00  -1.3232671054822092e+01  -2.2969630559516865e+01  -3.6940656179591841e+01  -5.9552377764034055e+01  -1.0961858664010305e+02  -3.1597945040957308e+02
  -6.2749640607513975e+00  -1.3259254483786926e+01  -2.3100809012274979e+01  -3.7296712521068031e+01  -6.0435357486635397e+01  -1.1139504033959700e+02  -2.8893779279769257e+02
  -6.2585093949119148e+00  -1.3279905950933275e+01  -2.3221896312079298e+01  -3.7616746107035752e+01  -6.1245905071888714e+01  -1.1301652664207816e+02  -2.6000378284267344e+02
  -6.2452705947434310e+00  -1.3296051141012773e+01  -2.3333597103933592e+01  -3.7915706922445956e+01  -6.1938515187650786e+01  -1.1442369978357804e+02  -2.3214598220140169e+02
  -6.2140576620869163e+00  -1.3308535880399345e+01  -2.3429970798704066e+01  -3.8193492922187090e+01  -6.2531296733959742e+01  -1.1546100370838042e+02  -2.1298827020520991e+02
  -6.1576911965352270e+00  -1.3314984806512696e+01  -2.3503884716757511e+01  -3.8430868422190322e+01  -6.3066784636097374e+01  -1.1610151304504767e+02  -1.9479577395757337e+02
  -6.0949842365069120e+00  -1.3300323821309462e+01  -2.3559330102041372e+01  -3.8613514602523146e+01  -6.3551018219435782e+01  -1.1645489976701481e+02  -1.7715299448033787e+02
  -6.0436638473453215e+00  -1.3253779052562781e+01  -2.3603143223286654e+01  -3.8754347188052272e+01  -6.3937073340565391e+01  -1.1654473218625729e+02  -1.6049794981143248e+02
  -5.9978767089894971e+00  -1.3188731011563274e+01  -2.3636772912016642e+01  -3.8866873594092922e+01  -6.4174961264254549e+01  -1.1512796620406787e+02  -1.4471776752171155e+02
  -5.9345655024587014e+00  -1.3108737145754535e+01  -2.3655726910201430e+01  -3.8950242070305563e+01  -6.4291175572435932e+01  -1.1149402897585553e+02  -1.2967321549241925e+02
  -5.8478792480961692e+00  -1.2997406873907179e+01  -2.3623561647270282e+01  -3.8986514762894245e+01  -6.4340758552326633e+01  -1.0605108313698001e+02  -1.1515472382541711e+02
  -5.7570048152383624e+00  -1.2841762982362887e+01  -2.3474124066981304e+01  -3.8845919517935762e+01  -6.4249731275715646e+01  -9.9615860590780244e+01  -1.0113421892217021e+02
  -5.6756028947529407e+00  -1.2661010949281531e+01  -2.3273844215752110e+01  -3.8406745073059056e+01  -6.3371723768649531e+01  -9.2772623025878232e+01  -8.8088594679617415e+01
  -5.5967124797465280e+00  -1.2468955808916499e+01  -2.3004056166885579e+01  -3.7800341820247461e+01  -6.1521585256298124e+01  -8.5266588263273178e+01  -7.6136718845274359e+01
  -5.5018343249561763e+00  -1.2258052054307106e+01  -2.2631382056868947e+01  -3.7060653685256334e+01  -5.8972293799248781e+01  -7.6763593002689305e+01  -6.5075170536652578e+01
  -5.3857240898594032e+00  -1.2019730512030598e+01  -2.2155602015317889e+01  -3.6044901287671216e+01  -5.6104535189866361e+01  -6.7922944376356995e+01  -5.4718601537023901e+01
  -5.2669590807041393e+00  -1.1748771813524852e+01  -2.1587381725153968e+01  -3.4690757922779660e+01  -5.3049534200643933e+01  -5.9379844108804235e+01  -4.5112468549230584e+01
  -5.1615675652870081e+00  -1.1449914574206334e+01  -2.0967797916442272e+01  -3.3134388514182163e+01  -4.9628463713834165e+01  -5.1322606084043201e+01  -3.6451988889342076e+01
  -5.0595557210691569e+00  -1.1142559462115921e+01  -2.0307013831938288e+01  -3.1495138862227375e+01  -4.5674167704513700e+01  -4.3555462969240324e+01  -2.8685830712751393e+01
  -4.9407179302651452e+00  -1.0831226170092213e+01  -1.9574730664298681e+01  -2.9800615538249080e+01  -4.1432679568559905e+01  -3.5882599760372855e+01  -2.1662232795314111e+01
  -4.8018578462076489e+00  -1.0499214410988751e+01  -1.8766376103785330e+01  -2.7971724127533459e+01  -3.7261330769459583e+01  -2.8524941930321933e+01  -1.5246700718305972e+01
  -4.6602933828327000e+00  -1.0135390643973189e+01  -1.7893569634170166e+01  -2.5956474847888281e+01  -3.3204787705650332e+01  -2.1747162324264270e+01  -9.4162228313623295e+00
  -4.5294888659538950e+00  -9.7567319675686281e+00  -1.6987480058040504e+01  -2.3868366738254256e+01  -2.9130095211155513e+01  -1.5658205129907643e+01  -4.2314533020632803e+00
  -4.4038748970577473e+00  -9.3769655276126151e+00  -1.6071423839337481e+01  -2.1799697037778074e+01  -2.4982244550530488e+01  -1.0125059342488081e+01   3.6680426629089841e-01
  -4.2651011090224227e+00  -8.9949864806791364e+00  -1.5119252851738390e+01  -1.9748454666503228e+01  -2.0865450210789465e+01  -5.4831647821851952e+00   4.4782174597588149e+00
  -4.1073365346185193e+00  -8.6003682848939125e+00  -1.4125813402039748e+01  -1.7667485223623952e+01  -1.6980075008194284e+01  -1.4324443705135179e+00   8.1783325985055555e+00
  -3.9488456735066961e+00  -8.1837564957223599e+00  -1.3108830885768127e+01  -1.5542889154574137e+01  -1.3379869752352054e+01   2.0965571949684576e+00   1.1488547854907051e+01
  -3.8037904997442284e+00  -7.7611092480463206e+00  -1.2097897111516454e+01  -1.3445506337450205e+01  -9.9313791766157173e+00   5.1587488329370847e+00   1.4406797583669707e+01
  -3.6627318180379009e+00  -7.3408970430628102e+00  -1.1101070050581662e+01  -1.1436955865993474e+01  -6.5603381239970355e+00   7.9023255239466854e+00   1.6979743365436459e+01
  -3.5069603043329263e+00  -6.9254781933748086e+00  -1.0096162549395023e+01  -9.4974405747364603e+00  -3.3379757346005818e+00   1.0446604727601100e+01   1.9254551605730907e+01
  -3.3371482928438616e+00  -6.5024665137382893e+00  -9.0804104988171837e+00  -7.5940835306379588e+00  -3.7669383714074195e-01   1.2787118658735265e+01   2.1272949080409568e+01
  -3.1688747665097630e+00  -6.0619400880873267e+00  -8.0681527808787461e+00  -5.7254926244444331e+00   2.3439788028088877e+00   1.4891701595142166e+01   2.3052787078242911e+01
  -3.0107228139840734e+00  -5.6203613512087331e+00  -7.0841916832712171e+00  -3.9091839709385630e+00   4.9087743616999875e+00   1.6766022600028325e+01   2.4598986850745785e+01
  -2.8572027675161347e+00  -5.1878838282784123e+00  -6.1229822487939360e+00  -2.1889581079908291e+00   7.3757959784832252e+00   1.8465625932026352e+01   2.5938746450260741e+01
  -2.6925021107473621e+00  -4.7604857706887254e+00  -5.1716106520349179e+00  -5.6189585818126830e-01   9.7035351470089086e+00   2.0030918123912272e+01   2.7097711613354953e+01
  -2.5110464337476053e+00  -4.3281144049503526e+00  -4.2263507273565590e+00   1.0129849827912949e+00   1.1778359875695541e+01   2.1461277901776807e+01   2.8095856936537022e+01
  -2.3280840740649733e+00  -3.8904470179412702e+00  -3.2923644758897410e+00   2.5435030429372989e+00   1.3527647976697489e+01   2.2744780154798008e+01   2.8943363738791454e+01
  -2.1580352570526999e+00  -3.4573001068863709e+00  -2.3890010434529567e+00   4.0078034894442807e+00   1.5057802665970426e+01   2.3876752143911268e+01   2.9646697182657515e+01
  -1.9950926221129521e+00  -3.0289165286636131e+00  -1.5169945397266580e+00   5.3901506553074894e+00   1.6433837398338891e+01   2.4882470642978422e+01   3.0221863956390731e+01
  -1.8231872710513661e+00  -2.6058094381194632e+00  -6.6281989028658128e-01   6.6905946618709580e+00   1.7660563426658122e+01   2.5788005549622206e+01   3.0683817148539021e+01
  -1.6373609601714427e+00  -2.1860718932122651e+00   1.7876030098706444e-01   7.9349108820972889e+00   1.8731532262856948e+01   2.6594201936524417e+01   3.1042560321324096e+01
  -1.4499731094770658e+00  -1.7615681825016609e+00   9.9781175994350801e-01   9.1377340188148235e+00   1.9670082576980164e+01   2.7295492982715576e+01   3.1305536352460965e+01
  -1.2744012468217301e+00  -1.3414917507871371e+00   1.7824324523158990e+00   1.0283222798306355e+01   2.0503861186197195e+01   2.7893835737187626e+01   3.1480036589492872e+01
  -1.1049631139939302e+00  -9.3244047351312331e-01   2.5385804640053977e+00   1.1361120232221827e+01   2.1253292838990046e+01   2.8403497643119632e+01   3.1575296149307306e+01
  -9.2676434061735635e-01  -5.2995299545456165e-01   3.2801677012513188e+00   1.2329130600261431e+01   2.1920578018444910e+01   2.8837574044164278e+01   3.1600268059104216e+01
  -7.3753630682003479e-01  -1.2958063255133997e-01   4.0073601611426488e+00   1.3185945782301454e+01   2.2498931428027948e+01   2.9197009848669119e+01   3.1561778506336722e+01
  -5.4837858571000175e-01   2.7231779723825267e-01   4.7105415715881422e+00   1.3951890591946457e+01   2.2997443115570505e+01   2.9482971441546660e+01   3.1465842000268722e+01
  -3.7002099895119922e-01   6.7008373199989013e-01   5.3843522974952540e+00   1.4631658426537792e+01   2.3429976818351051e+01   2.9699586708466008e+01   3.1319690927888523e+01
  -1.9991196663000818e-01   1.0602276869037019e+00   6.0348468477254196e+00   1.5227960546561780e+01   2.3806644360838739e+01   2.9854547686051816e+01   3.1130328928872125e+01
  -2.0362298385734182e-02   1.4423220536644306e+00   6.6713150198997404e+00   1.5751937932039947e+01   2.4128517318045279e+01   2.9955086488239608e+01   3.0902931330281341e+01
   1.7351780530030070e-01   1.8220558713280812e+00   7.2981825547529375e+00   1.6219120959894731e+01   2.4393505253592441e+01   3.0003632712526681e+01   3.0641705065773394e+01
   3.6483637500227806e-01   2.2068104005138576e+00   7.9025088593680453e+00   1.6638093965051752e+01   2.4607523962310587e+01   3.0003332210583107e+01   3.0353289612871833e+01
   5.4376228971679408e-01   2.5876501232490354e+00   8.4423858169413624e+00   1.7007452469893238e+01   2.4777045717377067e+01   2.9959620495543785e+01   3.0045002068913391e+01
   7.1654431291432286e-01   2.9588592911092015e+00   8.9267391778318821e+00   1.7327872444442221e+01   2.4906970126843913e+01   2.9877213552411163e+01   2.9722101355916635e+01
   8.9910414381952741e-01   3.3240652729919207e+00   9.3705051164616844e+00   1.7605860166928043e+01   2.4999757178108066e+01   2.9759026078115131e+01   2.9388523924567224e+01
   1.0934261482877659e+00   3.6873351741115963e+00   9.7795387827139564e+00   1.7849050393010391e+01   2.5056382629938572e+01   2.9608608322943006e+01   2.9048303671154624e+01
   1.2803828275871854e+00   4.0341497063048921e+00   1.0151365440331123e+01   1.8061234868017102e+01   2.5081071190121836e+01   2.9431061347208580e+01   2.8707473368549984e+01
   1.4508549739524474e+00   4.3596621727252280e+00   1.0487196023037239e+01   1.8243073320107083e+01   2.5077890413705887e+01   2.9231907165578850e+01   2.8373152754576392e+01
   1.6113565655369411e+00   4.6639861830507447e+00   1.0792114387834548e+01   1.8395474279983720e+01   2.5049245109283866e+01   2.9013812366985913e+01   2.8050309613475985e+01
   1.7727108036267047e+00   4.9498154623229036e+00   1.1072842736128921e+01   1.8522012497548946e+01   2.4997280290420935e+01   2.8777832569739559e+01   2.7742829850305984e+01
   1.9383500364030926e+00   5.2214162055558164e+00   1.1331522920936578e+01   1.8627288642325933e+01   2.4925778315973321e+01   2.8527660962662889e+01   2.7454724398707945e+01
   2.0988061865202892e+00   5.4822124070388174e+00   1.1567731568230718e+01   1.8713536706212736e+01   2.4838304678577565e+01   2.8269114513403927e+01   2.7191595625786825e+01
   2.2459711607394848e+00   5.7298152724361815e+00   1.1782281001167373e+01   1.8781752444078144e+01   2.4736804834358274e+01   2.8008510538024780e+01   2.6959974535055363e+01
   2.3844260112510667e+00   5.9621557516271029e+00   1.1978068885512211e+01   1.8833756113738936e+01   2.4622243428688389e+01   2.7747365962269786e+01   2.6764951450855687e+01
   2.5240676556328849e+00   6.1803465325634264e+00   1.2158863871945199e+01   1.8872273337170018e+01   2.4497219651266928e+01   2.7485361636597116e+01   2.6610919505525015e+01
   2.6691977631274724e+00   6.3905415675347852e+00   1.2327415999950539e+01   1.8899705007399607e+01   2.4366828684284020e+01   2.7226848811371323e+01   2.6502491317387470e+01
   2.8106849230984019e+00   6.5933490230741825e+00   1.2483722500361861e+01   1.8917779598436400e+01   2.4234167232699814e+01   2.6978362997193305e+01   2.6445537116914601e+01
   2.9392234806063131e+00   6.7853278462798574e+00   1.2626502172681134e+01   1.8928062851081563e+01   2.4099672908021581e+01   2.6744770089740179e+01   2.6445659134958351e+01
   3.0597821780684309e+00   6.9680170740950205e+00   1.2758082571279878e+01   1.8932388062687576e+01   2.3964131559531399e+01   2.6527240450739018e+01   2.6507593670736878e+01
   3.1819432895992010e+00   7.1422966570807906e+00   1.2882066617525881e+01   1.8932647078921988e+01   2.3830761081366518e+01   2.6326617136749242e+01   2.6636423084770556e+01
   3.3089706109352437e+00   7.3111658176617844e+00   1.3000825420911658e+01   1.8930579670495653e+01   2.3704182617637922e+01   2.6147204861601200e+01   2.6838612483659048e+01
   3.4322465511737854e+00   7.4760694628121342e+00   1.3113708925110062e+01   1.8927778075531933e+01   2.3586571162002492e+01   2.5994434776390378e+01   2.7120233783839275e+01
   3.5432401651865670e+00   7.6345586009239899e+00   1.3220041858119890e+01   1.8925881512111193e+01   2.3478616161260494e+01   2.5872312750655738e+01   2.7485754208679094e+01
   3.6476459442299882e+00   7.7865438731875196e+00   1.3321923805856397e+01   1.8926471897536761e+01   2.3381444587896468e+01   2.5782668375028734e+01   2.7938965207467707e+01
   3.7544740059043895e+00   7.9323268635056108e+00   1.3421602192259405e+01   1.8931006151985549e+01   2.3298130480855072e+01   2.5727760822602690e+01   2.8486639332839541e+01
   3.8662410016557756e+00   8.0748747143293453e+00   1.3520444538076912e+01   1.8940901290044838e+01   2.3232382598503431e+01   2.5711670082742788e+01   2.9137046560691999e+01
   3.9744889538967572e+00   8.2153772088569461e+00   1.3618516518978248e+01   1.8957757911241824e+01   2.3186061839785662e+01   2.5738356334314854e+01   2.9895303859473277e+01
   4.0723307069681374e+00   8.3516709011334918e+00   1.3715731820773849e+01   1.8982976155267469e+01   2.3160055863587711e+01   2.5810219532527999e+01   3.0765007328586119e+01
   4.1649067867007572e+00   8.4847055696562261e+00   1.3813172873666758e+01   1.9017590755414446e+01   2.3156184422683189e+01   2.5929770364299927e+01   3.1748824432449943e+01
   4.2594828659313047e+00   8.6139414360305846e+00   1.3912507873204049e+01   1.9062636063710006e+01   2.3177311921367235e+01   2.6101431683621989e+01   3.2855661607787219e+01
   4.3581664460677541e+00   8.7411695153055771e+00   1.4015507916316228e+01   1.9119633752127669e+01   2.3225196456701809e+01   2.6329190048428647e+01   3.4101813622128567e+01
   4.4535490870575458e+00   8.8688243736811874e+00   1.4121877002887317e+01   1.9190310674134221e+01   2.3300569048352944e+01   2.6614940876501358e+01   3.5490416651642477e+01
   4.5395934341992170e+00   8.9951714563834990e+00   1.4230829249708060e+01   1.9275630206441605e+01   2.3405452565737829e+01   2.6958807784926016e+01   3.7017573509939986e+01
   4.6206063905905896e+00   9.1192073961494131e+00   1.4343507621172149e+01   1.9375783185985647e+01   2.3543693192041367e+01   2.7363101939793598e+01   3.8689845756328964e+01
   4.7028283828996429e+00   9.2407223528649158e+00   1.4461167888137810e+01   1.9491277097724662e+01   2.3717211769285552e+01   2.7835733045753827e+01   4.0518079823275798e+01
   4.7894907377912999e+00   9.3618550131177933e+00   1.4585765194262779e+01   1.9624140564263385e+01   2.3924157284017955e+01   2.8381936289740263e+01   4.2519893384999520e+01
   4.8743740187480622e+00   9.4841380317475856e+00   1.4717210840704544e+01   1.9776181754531752e+01   2.4164271402726971e+01   2.8999467219615333e+01   4.4706280318885547e+01
   4.9495648909316561e+00   9.6057291794492645e+00   1.4853120985100103e+01   1.9946918076035267e+01   2.4442139363079768e+01   2.9684540714014677e+01   4.7074368291238187e+01
   5.0181184677361177e+00   9.7252192155875097e+00   1.4993573457031358e+01   2.0135138377054130e+01   2.4763464793081372e+01   3.0441352543126328e+01   4.9621899674415850e+01
   5.0882846405200084e+00   9.8424324084652710e+00   1.5141435853069623e+01   2.0341848715637457e+01   2.5127317527676862e+01   3.1282970164591358e+01   5.2365543955424272e+01
   5.1628619452476432e+00   9.9603196718983753e+00   1.5298252607566688e+01   2.0569920791260767e+01   2.5529585385690581e+01   3.2214001171504293e+01   5.5343380462932963e+01
   5.2347994090406846e+00   1.0080317451653972e+01   1.5463256454891066e+01   2.0820949811777076e+01   2.5968948995194364e+01   3.3227440683186437e+01   5.8563740439611706e+01
   5.2992887277815939e+00   1.0199683970229508e+01   1.5634026537427879e+01   2.1092979912361969e+01   2.6450256257793541e+01   3.4316036913623940e+01   6.2009207519176435e+01
   5.3587931093209464e+00   1.0317683914879533e+01   1.5809427343023023e+01   2.1384105703070791e+01   2.6981229445536016e+01   3.5483028542827618e+01   6.5679653749753740e+01
   5.4197729637973104e+00   1.0434765763399730e+01   1.5992525170993455e+01   2.1693919062589718e+01   2.7561282380373889e+01   3.6747395510112561e+01   6.9608808089049077e+01
   5.4855395837535204e+00   1.0551907476567969e+01   1.6185720260665690e+01   2.2025339357598888e+01   2.8180927398127253e+01   3.8116157569240386e+01   7.3850434782247305e+01
   5.5492498341701531e+00   1.0670728330636676e+01   1.6387873112313056e+01   2.2382583593948098e+01   2.8834408090680281e+01   3.9573371119270178e+01   7.8421095264444816e+01
   5.6044783625532704e+00   1.0789571810304178e+01   1.6594781548209330e+01   2.2761772429230689e+01   2.9531530095952178e+01   4.1104815511089384e+01   8.3295042571226276e+01
   5.6534309067365358e+00   1.0905949562158558e+01   1.6805662432811861e+01   2.3155862939525193e+01   3.0284260298387835e+01   4.2719578511776767e+01   8.8465742915105949e+01
   5.7040723103862536e+00   1.1020099283382208e+01   1.7023988610578325e+01   2.3564926690228667e+01   3.1087989894987775e+01   4.4443039202741666e+01   9.3975510148033109e+01
   5.7597068298938190e+00   1.1134659819820667e+01   1.7251904200650166e+01   2.3995634426198478e+01   3.1925105930343939e+01   4.6279868828591539e+01   9.9907981387221369e+01
   5.8120989387443380e+00   1.1250773762091102e+01   1.7486386322269343e+01   2.4451553085117151e+01   3.2790439809901613e+01   4.8204657351067546e+01   1.0629629250141149e+02
   5.8566036263518786e+00   1.1366108936002053e+01   1.7722295891970830e+01   2.4927798448970222e+01   3.3696993861218125e+01   5.0201351058170772e+01   1.1310687777318965e+02
   5.8967584074628325e+00   1.1478712689804167e+01   1.7960387247612818e+01   2.5416682577859241e+01   3.4659028238788167e+01   5.2278668451344160e+01   1.2034579428121280e+02
   5.9372915770642187e+00   1.1587652197534224e+01   1.8203459822055837e+01   2.5914569678465970e+01   3.5669832303858030e+01   5.4468656408512544e+01   1.2807877580625876e+02
   5.9812803824513940e+00   1.1695057118451071e+01   1.8453343339279510e+01   2.6426796938628982e+01   3.6704899701439118e+01   5.6780036257899127e+01   1.3643065370037488e+02
   6.0234678424116863e+00   1.1803880798653262e+01   1.8709251205141850e+01   2.6959797749162767e+01   3.7751752306101515e+01   5.9166731546801714e+01   1.4543251247530819e+02
   6.0580347697535908e+00   1.1911632348055830e+01   1.8963731056231588e+01   2.7507237980830251e+01   3.8829290980073218e+01   6.1608865397965332e+01   1.5502822618216243e+02
   6.0868665228243772e+00   1.2015742649457268e+01   1.9215265724524873e+01   2.8058360712793196e+01   3.9958036280421283e+01   6.4114942680792183e+01   1.6518205414979533e+02
   6.1162223386797345e+00   1.2115614291500338e+01   1.9468938753736182e+01   2.8610184853205784e+01   4.1127353946423696e+01   6.6718838302930436e+01   1.7600110136176781e+02
   6.1493011829600484e+00   1.2213780487697518e+01   1.9727274842850438e+01   2.9172806418730655e+01   4.2307016006505187e+01   6.9430847054017889e+01   1.8774949695834925e+02
   6.1807570257085338e+00   1.2311301850376875e+01   1.9987623700259054e+01   2.9751226440498538e+01   4.3479661171144365e+01   7.2197673053014455e+01   2.0040628236365757e+02
   6.2047266342617888e+00   1.2405698080897961e+01   2.0243414928741153e+01   3.0333483438090301e+01   4.4670596155158137e+01   7.4984618536362561e+01   2.1372829950660582e+02
   6.2231213089799597e+00   1.2495923934101246e+01   2.0492326478785028e+01   3.0906787345715539e+01   4.5898790691388008e+01   7.7798430812592031e+01   2.2764414456002237e+02
   6.2433621541043252e+00   1.2580638229995722e+01   2.0737628675243293e+01   3.1467672101133331e+01   4.7145582237470201e+01   8.0685996160928354e+01   2.4220919056705119e+02
   6.2672165643529656e+00   1.2660932080585708e+01   2.0982879387014528e+01   3.2028598139982144e+01   4.8381135581893155e+01   8.3641111752545015e+01   2.5764522735733851e+02
   6.2879619364244288e+00   1.2740272837085291e+01   2.1225155647918932e+01   3.2594930496162711e+01   4.9585541254675768e+01   8.6588192813118170e+01   2.7375923665144029e+02
   6.3015025444992112e+00   1.2816230695916175e+01   2.1458734063294980e+01   3.3155834678225425e+01   5.0776009605375961e+01   8.9471909753080212e+01   2.8962295707574265e+02
   6.3087121850669483e+00   1.2885321150185751e+01   2.1679709894621034e+01   3.3696491758195265e+01   5.1988263342525457e+01   9.2295467485866624e+01   3.0446560076741480e+02
   6.3167334960235104e+00   1.2947685404886004e+01   2.1891678345435448e+01   3.4212168779200255e+01   5.3205387366131106e+01   9.5125718851116815e+01   3.1786918422415795e+02
   6.3283525355882224e+00   1.3006697886196523e+01   2.2102384434881593e+01   3.4718095533464982e+01   5.4367807247043430e+01   9.7943962274793421e+01   3.2981618967885544e+02
   6.3372965288529102e+00   1.3064478368652663e+01   2.2305558116346702e+01   3.5219511791388690e+01   5.5459211650885827e+01   1.0064292787094959e+02   3.3926845126923052e+02
   6.3393546047127822e+00   1.3116349597708290e+01   2.2494046595664205e+01   3.5702170543609768e+01   5.6509081751982670e+01   1.0316327054528276e+02   3.4441909066526284e+02
   6.3254490960567544e+00   1.3160735581972927e+01   2.2666313026346241e+01   3.6151880010993303e+01   5.7551362023960024e+01   1.0551904814312448e+02   3.4477558999968852e+02
   6.3144794498796726e+00   1.3198175384923864e+01   2.2826177963203047e+01   3.6563806765807946e+01   5.8572541304042105e+01   1.0776321255165490e+02   3.3375813795275565e+02
   6.3152101466988917e+00   1.3230291403114498e+01   2.2979740118107401e+01   3.6949935943399360e+01   5.9510693093388667e+01   1.0988518492457709e+02   3.1560528775166398e+02
   6.3073072532351304e+00   1.3259078283598901e+01   2.3120406421216597e+01   3.7322175539820869e+01   6.0337020291958865e+01   1.1176816594008818e+02   2.9205697148550752e+02
   6.2766695631079727e+00   1.3283049812606937e+01   2.3243330356099037e+01   3.7667268478149005e+01   6.1094215162464423e+01   1.1329399442534623e+02   2.6342016359921030e+02
   6.2297671568048845e+00   1.3300631130415494e+01   2.3347856975148023e+01   3.7966842045387125e+01   6.1820915613693636e+01   1.1452522701081972e+02   2.3256065479947711e+02
   6.1852568158185139e+00   1.3309650538669773e+01   2.3437604040749569e+01   3.8220069178240472e+01   6.2486623184649083e+01   1.1556428797645079e+02   2.1251285077116717e+02
   6.1538685283369707e+00   1.3312274842189931e+01   2.3518149291493625e+01   3.8439660574318729e+01   6.3035032303599095e+01   1.1635835718324631e+02   1.9485797876642664e+02
   6.1164256655543481e+00   1.3312032842693547e+01   2.3584200315083812e+01   3.8639653309134971e+01   6.3443318088903602e+01   1.1679333433575465e+02   1.7815690640707717e+02
   6.0553348429564098e+00   1.3284308733676307e+01   2.3628646076024644e+01   3.8802732468011712e+01   6.3768207801104666e+01   1.1679827679712895e+02   1.6157874176528938e+02
   5.9783363764893220e+00   1.3223687480027321e+01   2.3651387523492154e+01   3.8910938071078036e+01   6.4055721528622271e+01   1.1472053313899966e+02   1.4528001242672178e+02
   5.9068492277252140e+00   1.3122762351298018e+01   2.3659835107646312e+01   3.8968225771529688e+01   6.4258916850772678e+01   1.1145980530948682e+02   1.2962014493165714e+02
   5.8436505307637017e+00   1.2990614355349241e+01   2.3646156263752722e+01   3.8990242450841983e+01   6.4324321038959852e+01   1.0703759290988566e+02   1.1510795465922727e+02
   5.7733303507736391e+00   1.2852733609611677e+01   2.3540466714782397e+01   3.8958981953086855e+01   6.3780568270144940e+01   1.0096770475023486e+02   1.0155534160193372e+02
   5.6822845875367900e+00   1.2694275835525762e+01   2.3324483868420700e+01   3.8667054685263125e+01   6.2609131848668497e+01   9.3393469126105060e+01   8.8613727078199531e+01
   5.5739515631018293e+00   1.2500241214671343e+01   2.2995422856300642e+01   3.8021449843409663e+01   6.1187012827639791e+01   8.5061460316116651e+01   7.6395591136976748e+01
   5.4708175777499441e+00   1.2272395315928827e+01   2.2585001030598431e+01   3.7082048705130326e+01   5.9237891470946828e+01   7.6675753644619476e+01   6.5023422342962832e+01
   5.3801645402732516e+00   1.2022683149876601e+01   2.2123447413879070e+01   3.5975127116638390e+01   5.6483752186030408e+01   6.8346413543479642e+01   5.4706695516482384e+01
   5.2829096553414141e+00   1.1761157500789553e+01   2.1596278902716112e+01   3.4752474832130900e+01   5.3094356935153542e+01   5.9864825428452136e+01   4.5334303660730868e+01
   5.1638408756821690e+00   1.1480784156944367e+01   2.0981792889314058e+01   3.3353331167070152e+01   4.9395509417993203e+01   5.1297514360794196e+01   3.6680978004031303e+01
   5.0334729750268945e+00   1.1175326577554953e+01   2.0279106456301509e+01   3.1686914255255921e+01   4.5674324298764525e+01   4.3096784226238299e+01   2.8759090776499505e+01
   4.9086436119246493e+00   1.0845881036099319e+01   1.9513326235780593e+01   2.9832782716443397e+01   4.1854703147903770e+01   3.5507721513855500e+01   2.1594111714313776e+01
