   8.5912554755975439e+00   1.9006275868700229e+01   3.6758141259296586e+01   6.7707660517155162e+01   1.2174839513028522e+02   2.0780935316730540e+02   2.8457615458316923e+02
   8.5912554755975439e+00   1.9006275868700229e+01   3.6758141259296586e+01   6.7707660517155162e+01   1.2174839513028522e+02   2.0780935316730540e+02   2.8457615458316923e+02
   8.5566680124816621e+00   1.8929691274693031e+01   3.6537409292778449e+01   6.7052423572078439e+01   1.1928775815491308e+02   1.9798866845394781e+02   2.5814951264055401e+02
   8.5153379941524179e+00   1.8835649910310309e+01   3.6260739951372486e+01   6.6222443896558815e+01   1.1632929817589952e+02   1.8748553759327811e+02   2.3356497907847452e+02
   8.4677994708397808e+00   1.8728761152788408e+01   3.5928469671134216e+01   6.5243449937547012e+01   1.1294665915852245e+02   1.7645961183062448e+02   2.1064952955045470e+02
   8.4164165530363064e+00   1.8601566657027274e+01   3.5541216680057190e+01   6.4106831610079382e+01   1.0922016919711795e+02   1.6517181415891000e+02   1.8946222615159419e+02
   8.3585198157878011e+00   1.8452057443753251e+01   3.5101170043971891e+01   6.2823673243134614e+01   1.0522881696382919e+02   1.5378858404712128e+02   1.6994311696105959e+02
   8.2926487562866331e+00   1.8279508074545969e+01   3.4614130318051380e+01   6.1392692205672155e+01   1.0105033084775948e+02   1.4249549262775668e+02   1.5199545031392472e+02
   8.2198600322893949e+00   1.8085846758802177e+01   3.4075789436571178e+01   5.9839114453838015e+01   9.6675916928410473e+01   1.3141184527115098e+02   1.3552609285362274e+02
   8.1406622094717580e+00   1.7874613156038166e+01   3.3482242000396624e+01   5.8208195155448188e+01   9.2108499979944085e+01   1.2065962496169809e+02   1.2045438217267655e+02
   8.0570980096389206e+00   1.7643368685251495e+01   3.2836580417269992e+01   5.6484357453463730e+01   8.7458153060971739e+01   1.1039214808623701e+02   1.0672819836463962e+02
   7.9680825893457179e+00   1.7394607604756363e+01   3.2151529786041579e+01   5.4672715247510105e+01   8.2790736490614790e+01   1.0064586118000321e+02   9.4197002158497853e+01
   7.8748357054875457e+00   1.7133610963771545e+01   3.1432787256334652e+01   5.2788556732432923e+01   7.8125418907215419e+01   9.1341860216142280e+01   8.2789412980469180e+01
   7.7757015402931726e+00   1.6857293545651096e+01   3.0680367834662757e+01   5.0843594460743560e+01   7.3467764919608612e+01   8.2480747416817479e+01   7.2447554983035332e+01
   7.6684728847014476e+00   1.6560519667374969e+01   2.9899787873374397e+01   4.8847816233932804e+01   6.8843292728368013e+01   7.4143597588737038e+01   6.3051222827877162e+01
   7.5577218597009246e+00   1.6252474413722201e+01   2.9084502767479751e+01   4.6825594963190774e+01   6.4312498214407697e+01   6.6353956402453932e+01   5.4522776231259407e+01
   7.4444625603453529e+00   1.5934378145509019e+01   2.8245150081631827e+01   4.4790826031281668e+01   5.9873896087933339e+01   5.9060708449580126e+01   4.6808830536886376e+01
   7.3250288483505885e+00   1.5600949225417100e+01   2.7391703525853490e+01   4.2732228812948044e+01   5.5551011349562344e+01   5.2228939320433717e+01   3.9811081749033590e+01
   7.1989724712358250e+00   1.5256165417305974e+01   2.6511459368702234e+01   4.0666458147221945e+01   5.1364028672290800e+01   4.5858831221488046e+01   3.3444012599559898e+01
   7.0713500386470445e+00   1.4902400971670271e+01   2.5615195049965788e+01   3.8612267121766138e+01   4.7313319462865721e+01   3.9931047963374759e+01   2.7666668752569549e+01
   6.9406613925253025e+00   1.4536749134101811e+01   2.4716548144046200e+01   3.6583969828667691e+01   4.3421402768832486e+01   3.4567302087824331e+01   2.2418290052416797e+01
   6.8024957080411426e+00   1.4160468383468375e+01   2.3803634619474419e+01   3.4582645464493254e+01   3.9688639009795246e+01   2.9706481831976983e+01   1.7668295604499225e+01
   6.6566545282059968e+00   1.3777004687422254e+01   2.2870507491976888e+01   3.2601024928568911e+01   3.6118941739598256e+01   2.5272348229409761e+01   1.3356061497176784e+01
   6.5056429252808270e+00   1.3386505921042579e+01   2.1931726286783679e+01   3.0644348559496247e+01   3.2707318051988850e+01   2.1196137761518326e+01   9.4258160956293402e+00
   6.3536207969786478e+00   1.2988589733651603e+01   2.0997056377269672e+01   2.8729685605809792e+01   2.9439895365937936e+01   1.7444187471118994e+01   5.8555631432615423e+00
   6.2001728637555189e+00   1.2584450053950931e+01   2.0064983831464847e+01   2.6858415005178585e+01   2.6317375455032433e+01   1.3997594879528688e+01   2.6077199797013231e+00
   6.0432926558722952e+00   1.2174698397959860e+01   1.9135733383441472e+01   2.5016619780154613e+01   2.3347499087363190e+01   1.0825825147659810e+01  -3.4609160246975201e-01
   5.8831504433275681e+00   1.1759972914242562e+01   1.8210830223168557e+01   2.3218232033011603e+01   2.0527827286572688e+01   7.9033954040826071e+00  -3.0324254829880912e+00
   5.7194536412770880e+00   1.1339537241624763e+01   1.7289205470759395e+01   2.1474580858270059e+01   1.7850469243091712e+01   5.2055005798337080e+00  -5.4752496016695806e+00
   5.5537402750278062e+00   1.0914199743846618e+01   1.6375884469189906e+01   1.9780649894022851e+01   1.5308357272872152e+01   2.7086575079655213e+00  -7.6923603364801441e+00
   5.3856593233802501e+00   1.0487095764059754e+01   1.5474253978063874e+01   1.8133855665963193e+01   1.2889405324702304e+01   3.9881065659824189e-01  -9.7045105648170740e+00
   5.2126891250630347e+00   1.0058912792878788e+01   1.4580844380553321e+01   1.6537913119431696e+01   1.0592540678169424e+01  -1.7402069471449244e+00  -1.1530942212615095e+01
   5.0343600360263743e+00   9.6272136951845280e+00   1.3700211599521710e+01   1.4995755133369494e+01   8.4112238582788947e+00  -3.7182535367609062e+00  -1.3190770025753226e+01
   4.8544363617856217e+00   9.1915164366498878e+00   1.2830110818130393e+01   1.3501113723357111e+01   6.3452712328697665e+00  -5.5439025631742282e+00  -1.4695081499021573e+01
   4.6724393074738151e+00   8.7531290490754756e+00   1.1969346219329875e+01   1.2056146636757605e+01   4.3991428113789866e+00  -7.2290844213456440e+00  -1.6056672699252076e+01
   4.4881402405153166e+00   8.3129150872504383e+00   1.1121987811992891e+01   1.0661939294568153e+01   2.5940905089610253e+00  -8.7811247473988594e+00  -1.7292600431759904e+01
   4.3027923869258231e+00   7.8731654143843253e+00   1.0287314310017619e+01   9.3129150738034205e+00   9.1947015657610898e-01  -1.0210991263893094e+01  -1.8414078721014594e+01
   4.1155915139161312e+00   7.4340930665523173e+00   9.4681722770858734e+00   8.0080791985532418e+00  -6.3757993141272595e-01  -1.1533933429679090e+01  -1.9432351965608802e+01
   3.9263818170316425e+00   6.9927397782664986e+00   8.6637777247635999e+00   6.7505745338000107e+00  -2.0870530418640780e+00  -1.2759641009756331e+01  -2.0358761257097495e+01
   3.7326389438282437e+00   6.5518029117304195e+00   7.8730606483807986e+00   5.5368837018267199e+00  -3.4362882510393891e+00  -1.3891471913409605e+01  -2.1204100432147587e+01
   3.5375778593438807e+00   6.1147255391504913e+00   7.0982932654916100e+00   4.3656761852236476e+00  -4.6933459842055179e+00  -1.4935266575818263e+01  -2.1978579756123814e+01
   3.3412238361807116e+00   5.6796302287886773e+00   6.3374464376787012e+00   3.2335826404243297e+00  -5.8668550202494085e+00  -1.5899888389757649e+01  -2.2690927909585554e+01
   3.1415740958692795e+00   5.2450866119565562e+00   5.5882599658853707e+00   2.1384661261107074e+00  -6.9657804707368705e+00  -1.6792919671918678e+01  -2.3350503817634479e+01
   2.9402626971075350e+00   4.8096393094641288e+00   4.8499775795002193e+00   1.0795645319666509e+00  -7.9967425716271778e+00  -1.7622301183429030e+01  -2.3966676200849065e+01
   2.7370778464762946e+00   4.3754166488094670e+00   4.1229743323841195e+00   5.2184614403177031e-02  -8.9665082920050398e+00  -1.8393567423206569e+01  -2.4547729289268684e+01
   2.5316153979418590e+00   3.9444339960727834e+00   3.4080843178911646e+00  -9.3160221632935292e-01  -9.8763489440797851e+00  -1.9112769597894687e+01  -2.5101300693641956e+01
   2.3252755085613828e+00   3.5158854442631058e+00   2.7055507320803533e+00  -1.8674064486067050e+00  -1.0728750127900200e+01  -1.9786986884720342e+01  -2.5636822921816677e+01
   2.1202381514515487e+00   3.0858010250082022e+00   2.0161489622323217e+00  -2.7560301456164451e+00  -1.1532683043898286e+01  -2.0420659821937157e+01  -2.6164270265197000e+01
   1.9140057628342291e+00   2.6558564077026268e+00   1.3375977064156310e+00  -3.6018435329944305e+00  -1.2294040482557678e+01  -2.1019530707119017e+01  -2.6691592787338244e+01
   1.7060091454507582e+00   2.2288873262805797e+00   6.6844879745449981e-01  -4.4118225959575454e+00  -1.3017385203937307e+01  -2.1592118362757965e+01  -2.7227243267914147e+01
   1.4989405980958508e+00   1.8018633801151256e+00   7.3323039387112581e-03  -5.1862742922829304e+00  -1.3708472059238737e+01  -2.2143960757485580e+01  -2.7779512377690427e+01
   1.2903604580477162e+00   1.3775107173739167e+00  -6.4761793288075942e-01  -5.9264821848319507e+00  -1.4370874467271376e+01  -2.2679816427962642e+01  -2.8356350237351435e+01
   1.0806787406057927e+00   9.5703742123909807e-01  -1.2865180458019481e+00  -6.6392722246064819e+00  -1.5008124886112077e+01  -2.3205756102082539e+01  -2.8966896962020883e+01
   8.7135335417922055e-01   5.3718446452113988e-01  -1.9078866948134161e+00  -7.3275287039876327e+00  -1.5625225783768570e+01  -2.3727809872316900e+01  -2.9620799569058541e+01
   6.6138718225408444e-01   1.1595574396521166e-01  -2.5126680215257564e+00  -7.9923919594027124e+00  -1.6225604980363066e+01  -2.4251414448489381e+01  -3.0325718181297411e+01
   4.5113940922245177e-01  -3.0505613320602465e-01  -3.1029274612220843e+00  -8.6379245240425231e+00  -1.6814349846100693e+01  -2.4781049966236608e+01  -3.1092316766602494e+01
   2.4081602179130993e-01  -7.2208351664743387e-01  -3.6781626985286655e+00  -9.2671892983516244e+00  -1.7395377837321881e+01  -2.5323331429576868e+01  -3.1931038143520997e+01
   2.8748117259058809e-02  -1.1342767795937292e+00  -4.2397640134290135e+00  -9.8838066284774726e+00  -1.7971642351473420e+01  -2.5884963544192694e+01  -3.2850989378891896e+01
  -1.8527019004532991e-01  -1.5400644414067757e+00  -4.7916532252192061e+00  -1.0489025036831812e+01  -1.8547525216909619e+01  -2.6471868129327639e+01  -3.3863458736848237e+01
  -3.9638162062495919e-01  -1.9415243537534810e+00  -5.3342325765609537e+00  -1.1084673277507815e+01  -1.9127161782178657e+01  -2.7089741345661963e+01  -3.4977703538524807e+01
  -6.0384194447498407e-01  -2.3403872170162883e+00  -5.8680058597056757e+00  -1.1674088646761431e+01  -1.9714960921940587e+01  -2.7742422551174538e+01  -3.6204811606407283e+01
  -8.1092816374140142e-01  -2.7347002784478844e+00  -6.3942022884520195e+00  -1.2259901206555874e+01  -2.0314635935553401e+01  -2.8436699112283538e+01  -3.7555807547949378e+01
  -1.0168545790522909e+00  -3.1253035395426236e+00  -6.9145611299098917e+00  -1.2844752306376884e+01  -2.0929213541102200e+01  -2.9180554001264227e+01  -3.9042605933251991e+01
  -1.2192222434605424e+00  -3.5128409589478218e+00  -7.4303622895143562e+00  -1.3431122175329584e+01  -2.1563950292943570e+01  -2.9980125835105330e+01  -4.0678365644729482e+01
  -1.4210999952754053e+00  -3.8964913405496340e+00  -7.9424509248511361e+00  -1.4021258264757940e+01  -2.2223091718273253e+01  -3.0842136819332879e+01  -4.2475977774263320e+01
  -1.6232634934052756e+00  -4.2751972109953096e+00  -8.4523336104557583e+00  -1.4617010562102696e+01  -2.2908636476049864e+01  -3.1772208978050706e+01  -4.4449974330576950e+01
  -1.8229363168537429e+00  -4.6488217913448038e+00  -8.9612623434957825e+00  -1.5219638689241446e+01  -2.3624111401339967e+01  -3.2775887913458170e+01  -4.6614077333203539e+01
  -2.0197073447252976e+00  -5.0184722631999428e+00  -9.4698476092457575e+00  -1.5832871150267920e+01  -2.4374674496771817e+01  -3.3861907399588702e+01  -4.8983869185681868e+01
  -2.2129926859413551e+00  -5.3841620921338098e+00  -9.9806026731256647e+00  -1.6459494809421987e+01  -2.5163069677528195e+01  -3.5037055234765674e+01  -5.1573382547049427e+01
  -2.4035900179047043e+00  -5.7468066648222456e+00  -1.0492395888507167e+01  -1.7099377943791556e+01  -2.5995619401184847e+01  -3.6305222447364393e+01  -5.4396302919231850e+01
  -2.5922461358993880e+00  -6.1069982716957503e+00  -1.1004671555803771e+01  -1.7754960089427598e+01  -2.6875781440542568e+01  -3.7675059093971122e+01  -5.7469312889867901e+01
  -2.7806412234466027e+00  -6.4652759843972074e+00  -1.1520127300695966e+01  -1.8428294865120002e+01  -2.7801872360767693e+01  -3.9154282655428332e+01  -6.0815150780990237e+01
  -2.9683020757252563e+00  -6.8215035462100708e+00  -1.2038638037295792e+01  -1.9120970258274887e+01  -2.8780909492358298e+01  -4.0749462360920887e+01  -6.4445885833915327e+01
  -3.1532622134551276e+00  -7.1767769773121133e+00  -1.2560804396636687e+01  -1.9835514696013409e+01  -2.9816321175583617e+01  -4.2467411894527629e+01  -6.8373359350393272e+01
  -3.3372938073251674e+00  -7.5320812846281591e+00  -1.3087612801437663e+01  -2.0573643454202529e+01  -3.0909708412161812e+01  -4.4317298837939106e+01  -7.2624839046247359e+01
  -3.5192708196880345e+00  -7.8849886700254812e+00  -1.3621209437964493e+01  -2.1336168778181118e+01  -3.2067815464193067e+01  -4.6305332935786495e+01  -7.7216820906314126e+01
  -3.6982821295757553e+00  -8.2354046875941513e+00  -1.4162304326116383e+01  -2.2123899294600736e+01  -3.3290865672140711e+01  -4.8438147699249271e+01  -8.2167878635740053e+01
  -3.8757361810829369e+00  -8.5861803082126436e+00  -1.4710207330874862e+01  -2.2939328492378504e+01  -3.4581175148234415e+01  -5.0723124917600792e+01  -8.7495948419979911e+01
  -4.0501292038885968e+00  -8.9344514679246974e+00  -1.5264161816226247e+01  -2.3783869816165371e+01  -3.5946324417339326e+01  -5.3168253398921927e+01  -9.3218451978234924e+01
  -4.2203752904261744e+00  -9.2793871049383299e+00  -1.5824281912674035e+01  -2.4656880692614479e+01  -3.7385306583919686e+01  -5.5781475177293238e+01  -9.9353597307948348e+01
  -4.3893172181562123e+00  -9.6220136351330847e+00  -1.6390845314060705e+01  -2.5558096033049456e+01  -3.8902479308223306e+01  -5.8566114443247614e+01  -1.0592443779418618e+02
  -4.5568225976760592e+00  -9.9627378123333781e+00  -1.6964434131741822e+01  -2.6487067118990524e+01  -4.0501764097474393e+01  -6.1529378027561691e+01  -1.1296508450368979e+02
  -4.7203822933924355e+00  -1.0304459036950387e+01  -1.7543110642220206e+01  -2.7446498929958452e+01  -4.2182031530920163e+01  -6.4678761137577339e+01  -1.2049027536325835e+02
  -4.8805152908264109e+00  -1.0646192799101247e+01  -1.8128478120069669e+01  -2.8438083544498369e+01  -4.3941588861678440e+01  -6.8014705802189738e+01  -1.2852815307241679e+02
  -5.0381841859712768e+00  -1.0985510362959067e+01  -1.8721990722861346e+01  -2.9460247830699998e+01  -4.5780340886659083e+01  -7.1546744363477643e+01  -1.3710421622287888e+02
  -5.1944855215706909e+00  -1.1321972708698933e+01  -1.9321546753209571e+01  -3.0513004759186249e+01  -4.7703550856716156e+01  -7.5282829914344049e+01  -1.4622562405312911e+02
  -5.3482063938891038e+00  -1.1656586898586561e+01  -1.9928874605255963e+01  -3.1598941179608605e+01  -4.9709924806033932e+01  -7.9210545538850496e+01  -1.5593989036617180e+02
  -5.4973702669512781e+00  -1.1989207030597983e+01  -2.0544802432884463e+01  -3.2715338147930247e+01  -5.1797056343025069e+01  -8.3332773636867074e+01  -1.6626572108162256e+02
  -5.6429247705873911e+00  -1.2316983157339523e+01  -2.1165339439117858e+01  -3.3857937969351532e+01  -5.3968167618808984e+01  -8.7662342220739475e+01  -1.7725629338756931e+02
  -5.7862314653487141e+00  -1.2640708543658375e+01  -2.1789579789911897e+01  -3.5029006980472055e+01  -5.6225226114384512e+01  -9.2187373492832009e+01  -1.8898171796069761e+02
  -5.9263370614920587e+00  -1.2963486172363904e+01  -2.2418957026934368e+01  -3.6231052878980620e+01  -5.8554358483113859e+01  -9.6896727128411598e+01  -2.0144061851174874e+02
  -6.0644627429290816e+00  -1.3282038027922175e+01  -2.3050629025376775e+01  -3.7457593588376227e+01  -6.0952125092551533e+01  -1.0180090092503372e+02  -2.1466368906694782e+02
  -6.1994755121508769e+00  -1.3597284960838893e+01  -2.3683136833926277e+01  -3.8703772777827716e+01  -6.3423918410887921e+01  -1.0689423522080976e+02  -2.2872582634460554e+02
  -6.3296107559755228e+00  -1.3910223099982954e+01  -2.4318793525816737e+01  -3.9967629604491457e+01  -6.5970016837164380e+01  -1.1217367823355305e+02  -2.4367403777123457e+02
  -6.4555571480916916e+00  -1.4217361410779363e+01  -2.4956427128875937e+01  -4.1250432267257708e+01  -6.8579770255498616e+01  -1.1765357130116469e+02  -2.5954205567076582e+02
  -6.5763008665911338e+00  -1.4518108053496555e+01  -2.5593666306124913e+01  -4.2555204790875926e+01  -7.1249589322401448e+01  -1.2330103631694409e+02  -2.7643307644976272e+02
  -6.6938877351920700e+00  -1.4813524742285304e+01  -2.6229829122838108e+01  -4.3876677936794913e+01  -7.3975001090763797e+01  -1.2909746035415486e+02  -2.9438182118758203e+02
  -6.8088368838376434e+00  -1.5103936364845374e+01  -2.6862578296292465e+01  -4.5206642544636459e+01  -7.6741417836666599e+01  -1.3503264847653111e+02  -3.1344333057781267e+02
  -6.9206209448099285e+00  -1.5389599307544302e+01  -2.7489626510122648e+01  -4.6541861462899881e+01  -7.9550953315893679e+01  -1.4107087734180664e+02  -3.3375982883422591e+02
  -7.0279704721644647e+00  -1.5668267389342194e+01  -2.8111159471953879e+01  -4.7884880598873714e+01  -8.2387745566045808e+01  -1.4723267473313703e+02  -3.5534241984363979e+02
  -7.1312922402756280e+00  -1.5939184762496245e+01  -2.8725521980990713e+01  -4.9222432687197063e+01  -8.5234003461879681e+01  -1.5349068383900817e+02  -3.7822318863956195e+02
  -7.2306425089947801e+00  -1.6203097623871685e+01  -2.9330109180664827e+01  -5.0546384367630417e+01  -8.8088210975056725e+01  -1.5979395620114897e+02  -4.0235639135048763e+02
  -7.3232576750638003e+00  -1.6461413632896658e+01  -2.9926285327878592e+01  -5.1853668108022852e+01  -9.0936502237680415e+01  -1.6612905609248750e+02  -4.2770411934760506e+02
  -7.4117216536188382e+00  -1.6712530807123851e+01  -3.0507120283914499e+01  -5.3143614758640723e+01  -9.3760589274149154e+01  -1.7248450165660802e+02  -4.5434911778046859e+02
  -7.4982451110339232e+00  -1.6953833524312866e+01  -3.1070396451747055e+01  -5.4419425174248374e+01  -9.6548650459136852e+01  -1.7884021939612975e+02  -4.8200002995917816e+02
  -7.5797765474254293e+00  -1.7184891156136274e+01  -3.1619037188653827e+01  -5.5677170895738811e+01  -9.9298763905357717e+01  -1.8512905494977551e+02  -5.1037016456172779e+02
  -7.6552661311668722e+00  -1.7404349348319933e+01  -3.2145143622585529e+01  -5.6910266842139805e+01  -1.0200589241539743e+02  -1.9129082539007752e+02  -5.3909982365410895e+02
  -7.7276020002279449e+00  -1.7615198415773651e+01  -3.2648427869794453e+01  -5.8106921612811476e+01  -1.0464276073214212e+02  -1.9732354338929898e+02  -5.6738293444112401e+02
  -7.7949214785465237e+00  -1.7818256841635197e+01  -3.3135515557170528e+01  -5.9260160334633234e+01  -1.0718330167938431e+02  -2.0315971880563458e+02  -5.9480383805528174e+02
  -7.8576325478889508e+00  -1.8009745581583893e+01  -3.3603146534645319e+01  -6.0361028423860532e+01  -1.0962797693112769e+02  -2.0873564372646209e+02  -6.2038559693655975e+02
  -7.9174662806372726e+00  -1.8189687198958929e+01  -3.4047790649948439e+01  -6.1402382161862583e+01  -1.1196582773996755e+02  -2.1402019415561799e+02  -6.4251738375111438e+02
  -7.9720904184248527e+00  -1.8360343376584147e+01  -3.4469876953393793e+01  -6.2391842825412425e+01  -1.1416304464178062e+02  -2.1893998685924126e+02  -6.6061011220616228e+02
  -8.0203416844792539e+00  -1.8519600878420746e+01  -3.4865363489585221e+01  -6.3329402583285173e+01  -1.1620998576908369e+02  -2.2349726469047741e+02  -6.7358855062563669e+02
  -8.0651716714653556e+00  -1.8663449677579461e+01  -3.5230756579516601e+01  -6.4197883477135477e+01  -1.1810978400418421e+02  -2.2762684378869307e+02  -6.8041793512838433e+02
  -8.1061395293580158e+00  -1.8793599150712126e+01  -3.5565100479202989e+01  -6.4993775322741058e+01  -1.1984037469018736e+02  -2.3126067378019440e+02  -6.8120555882478550e+02
  -8.1424461685544589e+00  -1.8911533073811366e+01  -3.5866608642801289e+01  -6.5731894479833116e+01  -1.2139007524427406e+02  -2.3440900024796130e+02  -6.7067711932403029e+02
  -8.1747971707891960e+00  -1.9016757428597845e+01  -3.6135937194013664e+01  -6.6389488699474256e+01  -1.2276334740226874e+02  -2.3700174186190608e+02  -6.4895931680066565e+02
  -8.1996984427454755e+00  -1.9109988122043976e+01  -3.6371421343798140e+01  -6.6958687537542573e+01  -1.2393206298725470e+02  -2.3899622649086535e+02  -6.1825188915059061e+02
  -8.2193286895031452e+00  -1.9188118114998876e+01  -3.6572506676232152e+01  -6.7450151283023132e+01  -1.2487790244199263e+02  -2.4037484883787704e+02  -5.8096731647782826e+02
  -8.2340037580601511e+00  -1.9250784626629727e+01  -3.6744376824671441e+01  -6.7858544942095961e+01  -1.2560630701504711e+02  -2.4110615873959762e+02  -5.3933449934360385e+02
  -8.2419549913143388e+00  -1.9299514287119841e+01  -3.6883833249138490e+01  -6.8177801990629277e+01  -1.2611696319981273e+02  -2.4120170702579725e+02  -4.9556383869145640e+02
  -8.2454090492327552e+00  -1.9335474261395088e+01  -3.6983081385315252e+01  -6.8398242633434364e+01  -1.2640693420061848e+02  -2.3961101328559593e+02  -4.5168984235034367e+02
  -8.2442165043829601e+00  -1.9357739107859572e+01  -3.7037495172340641e+01  -6.8530803299895297e+01  -1.2648248734801896e+02  -2.3617700758406684e+02  -4.1196922161469200e+02
  -8.2376178203041661e+00  -1.9364592138490622e+01  -3.7053286580946228e+01  -6.8571778431860878e+01  -1.2609425554930527e+02  -2.3101331040765893e+02  -3.7651890850137204e+02
  -8.2262113289620640e+00  -1.9352672783219589e+01  -3.7027760361554385e+01  -6.8459050446347177e+01  -1.2512503706293845e+02  -2.2437724832975144e+02  -3.4397847623741006e+02
  -8.2068895477463375e+00  -1.9318006261828682e+01  -3.6940474625239901e+01  -6.8171260704076573e+01  -1.2359579611105285e+02  -2.1645931299812426e+02  -3.1374931389156302e+02
  -8.1793019617115270e+00  -1.9261958687612161e+01  -3.6784741352052094e+01  -6.7717868049620392e+01  -1.2152448710670048e+02  -2.0741348996166914e+02  -2.8538441834978352e+02
  -8.1449799405460030e+00  -1.9183590720932017e+01  -3.6565637756420415e+01  -6.7052551439712943e+01  -1.1896387670829398e+02  -1.9750660887455308e+02  -2.5884325856241651e+02
  -8.1044506698661465e+00  -1.9083923645403651e+01  -3.6291021779941453e+01  -6.6215705184787737e+01  -1.1601675037109300e+02  -1.8698695355595865e+02  -2.3411104227870499e+02
  -8.0570129052601569e+00  -1.8966954684936397e+01  -3.5954899587783196e+01  -6.5241029196581550e+01  -1.1268955367813859e+02  -1.7604029467196312e+02  -2.1110969151699095e+02
  -8.0040667662692453e+00  -1.8831266702100397e+01  -3.5563434848730047e+01  -6.4101371464490285e+01  -1.0897416875849257e+02  -1.6487819980479361e+02  -1.8981427162827060e+02
  -7.9461890271733902e+00  -1.8673424505149534e+01  -3.5120143610611322e+01  -6.2816285301846193e+01  -1.0494357371155023e+02  -1.5360660622054797e+02  -1.7018548189820368e+02
  -7.8817815212905247e+00  -1.8494051493853849e+01  -3.4618589245753647e+01  -6.1384443216553542e+01  -1.0066388744269558e+02  -1.4239272889942012e+02  -1.5216800327280680e+02
  -7.8109805956486857e+00  -1.8295437512605439e+01  -3.4064781314206130e+01  -5.9828946715690648e+01  -9.6234115687553356e+01  -1.3138823308882360e+02  -1.3565697928768054e+02
  -7.7330701863980451e+00  -1.8080154412800390e+01  -3.3463083974419447e+01  -5.8171195010099410e+01  -9.1704577183276726e+01  -1.2066459298232969e+02  -1.2056337462271550e+02
  -7.6501319163379593e+00  -1.7852255168838372e+01  -3.2822249497708469e+01  -5.6425122077714441e+01  -8.7086677570728313e+01  -1.1039223214865918e+02  -1.0680735223731863e+02
  -7.5616299026398295e+00  -1.7611526391506487e+01  -3.2146573842545656e+01  -5.4613510543912888e+01  -8.2422536184453207e+01  -1.0055146463075093e+02  -9.4261311206370280e+01
  -7.4673050721922625e+00  -1.7353890284723274e+01  -3.1426599489723110e+01  -5.2730144814983277e+01  -7.7753423871553068e+01  -9.1173849433971398e+01  -8.2866161319426325e+01
  -7.3706422601185659e+00  -1.7077363024465797e+01  -3.0662223647764222e+01  -5.0787654930726276e+01  -7.3108073851794344e+01  -8.2323249277777251e+01  -7.2529326952017399e+01
  -7.2678536008638295e+00  -1.6784894252447234e+01  -2.9872548770509873e+01  -4.8809587381730978e+01  -6.8504348245956393e+01  -7.4012309476967687e+01  -6.3132824117878258e+01
  -7.1567100784515993e+00  -1.6477431335218430e+01  -2.9057221923665526e+01  -4.6795148778487686e+01  -6.3982476442478756e+01  -6.6220984287456446e+01  -5.4603776409558300e+01
  -7.0403003442330183e+00  -1.6157888948325333e+01  -2.8217218960197744e+01  -4.4746765056305151e+01  -5.9581862896046900e+01  -5.8927526139008073e+01  -4.6867819307109222e+01
  -6.9207027941730068e+00  -1.5828736740713618e+01  -2.7360817861704081e+01  -4.2686347895607540e+01  -5.5297878031947221e+01  -5.2116132253492218e+01  -3.9850031341237020e+01
  -6.7967785966996273e+00  -1.5487660580799171e+01  -2.6484414106777688e+01  -4.0630019264475791e+01  -5.1123360344385844e+01  -4.5749597486182154e+01  -3.3497726350287699e+01
  -6.6688432424161821e+00  -1.5133087180012335e+01  -2.5591438462627295e+01  -3.8578519664833145e+01  -4.7078643672419794e+01  -3.9829749636776626e+01  -2.7735764148299637e+01
  -6.5375523515371645e+00  -1.4766649420555582e+01  -2.4684525406327676e+01  -3.6542595823923961e+01  -4.3189636007626348e+01  -3.4473502187171611e+01  -2.2489746287666193e+01
  -6.3996365117738456e+00  -1.4392133074872188e+01  -2.3765590182348888e+01  -3.4533546876796954e+01  -3.9469791511482548e+01  -2.9610838750388613e+01  -1.7712448855504672e+01
  -6.2568116606665010e+00  -1.4006412370573237e+01  -2.2842491659679439e+01  -3.2553257357204849e+01  -3.5911528204845574e+01  -2.5189524033913131e+01  -1.3372937700005744e+01
  -6.1101672952657040e+00  -1.3610376146163091e+01  -2.1916493494768840e+01  -3.0605801435060407e+01  -3.2503433755414882e+01  -2.1133499143761149e+01  -9.4372463119012657e+00
  -5.9586942430305303e+00  -1.3207294444840167e+01  -2.0987604968213802e+01  -2.8698565391057137e+01  -2.9257490585364756e+01  -1.7395439672999029e+01  -5.8652390850327709e+00
  -5.8033022145141411e+00  -1.2799125559331504e+01  -2.0059556264949730e+01  -2.6832171765736877e+01  -2.6161620302404852e+01  -1.3958427230927340e+01  -2.6215195178840989e+00
  -5.6432875509705047e+00  -1.2386429496048409e+01  -1.9134732376368902e+01  -2.5003479050877974e+01  -2.3210294118843890e+01  -1.0789247912547392e+01   3.3006106230942828e-01
  -5.4802578827679325e+00  -1.1968655640729329e+01  -1.8217553429612593e+01  -2.3210623923203556e+01  -2.0405094174697474e+01  -7.8629781219543950e+00   3.0195365198400039e+00
  -5.3149559210390507e+00  -1.1547768454632656e+01  -1.7306348962132581e+01  -2.1463588961243808e+01  -1.7743277363072202e+01  -5.1693955231345203e+00   5.4638606954522819e+00
  -5.1457942191701207e+00  -1.1122073599140016e+01  -1.6401661385894300e+01  -1.9776732824854317e+01  -1.5216325425005566e+01  -2.6829521743243547e+00   7.6846865619158349e+00
  -4.9736011822438240e+00  -1.0691299274282159e+01  -1.5503445542086201e+01  -1.8141840936779854e+01  -1.2810983967970113e+01  -3.8385333743571459e-01   9.7022666363690462e+00
  -4.7987368442800022e+00  -1.0257379849797186e+01  -1.4610579751376493e+01  -1.6552418177508319e+01  -1.0527202780289572e+01   1.7385644434453236e+00   1.1533008247628649e+01
  -4.6214716196722501e+00  -9.8211712590415718e+00  -1.3724580576757045e+01  -1.5014316880046804e+01  -8.3631200433584780e+00   3.7013366950488509e+00   1.3191305556098213e+01
  -4.4410962015218782e+00  -9.3830549290077556e+00  -1.2849423683783753e+01  -1.3521792140124303e+01  -6.3101467010916998e+00   5.5214767280710024e+00   1.4694916027711391e+01
  -4.2582835226563533e+00  -8.9453416025531407e+00  -1.1990090351328831e+01  -1.2075108729078361e+01  -4.3719292726930377e+00   7.2081876365515543e+00   1.6060268998412440e+01
  -4.0742113269933089e+00  -8.5090784715472711e+00  -1.1144837787659176e+01  -1.0678717275970151e+01  -2.5744043827851906e+00   8.7611019460357262e+00   1.7298386489807719e+01
  -3.8854068598701890e+00  -8.0717267660382568e+00  -1.0313054347200795e+01  -9.3319212950392867e+00  -9.0368493326345090e-01   1.0189127865165917e+01   1.8420674261017510e+01
  -3.6928659119741218e+00  -7.6322446431832756e+00  -9.4954842202951202e+00  -8.0289326607592670e+00   6.5273748639596185e-01   1.1511497155413780e+01   1.9439018776037546e+01
  -3.4998146891103259e+00  -7.1923658300568327e+00  -8.6923290683005643e+00  -6.7684946421536765e+00   2.1025559860629137e+00   1.2735943358669939e+01   2.0366399190976534e+01
  -3.3058381656386215e+00  -6.7547435227857333e+00  -7.9039893808602022e+00  -5.5497829641573180e+00   3.4517572456671943e+00   1.3866250428787897e+01   2.1211485628190175e+01
  -3.1116616650944726e+00  -6.3182988695602571e+00  -7.1294644589600917e+00  -4.3725161249845304e+00   4.7081264167181285e+00   1.4910290606975471e+01   2.1984652579445473e+01
  -2.9151114793703949e+00  -5.8834704537503129e+00  -6.3674443234591651e+00  -3.2396887493952087e+00   5.8832468905079756e+00   1.5875995650997309e+01   2.2696142378675411e+01
  -2.7152512903744368e+00  -5.4511716491371818e+00  -5.6177604968659605e+00  -2.1465609527479352e+00   6.9828912919239876e+00   1.6771570391294901e+01   2.3354891305005804e+01
  -2.5151001180173465e+00  -5.0178264439097662e+00  -4.8814457678577190e+00  -1.0881030159062999e+00   8.0113993297874853e+00   1.7603915565805799e+01   2.3969803245850180e+01
  -2.3144681211916711e+00  -4.5837920874387521e+00  -4.1586619501513864e+00  -6.1229906860574015e-02   8.9757418187653162e+00   1.8377573485551814e+01   2.4549646460174916e+01
  -2.1116309834512728e+00  -4.1502531837515386e+00  -3.4477588708510254e+00   9.2285447701674017e-01   9.8796276118978223e+00   1.9097450715879717e+01   2.5104601265578793e+01
  -1.9068747109990061e+00  -3.7171803750759111e+00  -2.7476179768353437e+00   1.8568686401411294e+00   1.0730170096727655e+01   1.9771766169023554e+01   2.5641360447341295e+01
  -1.7021558846704459e+00  -3.2858196548293206e+00  -2.0587104771944515e+00   2.7435835837566254e+00   1.1533484778668042e+01   2.0407483268355257e+01   2.6168339653005766e+01
  -1.4976934161568318e+00  -2.8573248525938038e+00  -1.3806854769721395e+00   3.5885913466170227e+00   1.2293368902750265e+01   2.1008569591440356e+01   2.6695510352765169e+01
  -1.2916549063463389e+00  -2.4320515791463997e+00  -7.1134637118686672e-01   4.3965830164732358e+00   1.3016468201111973e+01   2.1581456441727159e+01   2.7230976996293741e+01
  -1.0840784925833653e+00  -2.0085435725890730e+00  -5.0432567522326152e-02   5.1680411695689941e+00   1.3705753047256220e+01   2.2133733655938546e+01   2.7782665836228755e+01
  -8.7526288632255056e-01  -1.5849913573833336e+00   6.0213916059306216e-01   5.9075559218721798e+00   1.4365675741250348e+01   2.2671026102658143e+01   2.8359243370542387e+01
  -6.6644311425386493e-01  -1.1602857601499936e+00   1.2378600787084590e+00   6.6180870323677325e+00   1.5001804960917005e+01   2.3197706435033624e+01   2.8970311025012329e+01
  -4.5760195399576648e-01  -7.3678105585759091e-01   1.8571606781424697e+00   7.3062628513945489e+00   1.5617184213417865e+01   2.3718795296661408e+01   2.9624977273070762e+01
  -2.4706910873519755e-01  -3.1520734939948564e-01   2.4616999887969135e+00   7.9755189107474544e+00   1.6216698620113334e+01   2.4241387648746418e+01   3.0332243919082671e+01
  -3.5806833743044240e-02   1.0669952754412074e-01   3.0523854116573670e+00   8.6225783238321423e+00   1.6805005858374475e+01   2.4770910490042969e+01   3.1100342356060818e+01
   1.7560396291272767e-01   5.2697615073835802e-01   3.6301937073465909e+00   9.2524799990788633e+00   1.7385712697873334e+01   2.5312873298784350e+01   3.1938843215812167e+01
   3.8361785201408444e-01   9.4029534952588045e-01   4.1942798170520508e+00   9.8683161355006099e+00   1.7961632476422039e+01   2.5873992919373947e+01   3.2857575786017975e+01
   5.8672080817270622e-01   1.3477631704757822e+00   4.7454720887274018e+00   1.0472042671218620e+01   1.8537648272673319e+01   2.6460112295840428e+01   3.3867563010109777e+01
   7.9148618630764112e-01   1.7512959752646373e+00   5.2876374059611750e+00   1.1067149979172060e+01   1.9118594290139779e+01   2.7076793088785461e+01   3.4980415851165574e+01
   9.9839883843254396e-01   2.1505241061508165e+00   5.8210647461374982e+00   1.1658021790367531e+01   1.9707037246133677e+01   2.7730049999143677e+01   3.6207369885167445e+01
   1.2032908650480121e+00   2.5433331727356689e+00   6.3477510405258766e+00   1.2245940615217204e+01   2.0306718549025049e+01   2.8425708204380868e+01   3.7559554544060987e+01
   1.4066077582510630e+00   2.9309685520934678e+00   6.8691862234023544e+00   1.2832005576442567e+01   2.0921845025008381e+01   2.9169683421333975e+01   3.9048596544220317e+01
   1.6091430624903194e+00   3.3154771024647096e+00   7.3844975886208450e+00   1.3420199312278829e+01   2.1556582860083431e+01   2.9968818886049824e+01   4.0687783658082097e+01
   1.8097464778430810e+00   3.6960498071013972e+00   7.8970200359107476e+00   1.4011619196133765e+01   2.2215659304109984e+01   3.0829401559671627e+01   4.2488893308238268e+01
   2.0057647319557117e+00   4.0731210612610917e+00   8.4082765422475667e+00   1.4606871342497392e+01   2.2902041326189590e+01   3.1757591410382815e+01   4.4463537789773582e+01
   2.1988679712776964e+00   4.4470102414418093e+00   8.9179473834260410e+00   1.5210184533515690e+01   2.3619034409682712e+01   3.2759897545732258e+01   4.6625274541945345e+01
   2.3913955435783025e+00   4.8165275018549805e+00   9.4264051769374770e+00   1.5824255666067780e+01   2.4369463055639656e+01   3.3844085805485314e+01   4.8990576889987651e+01
   2.5838590002548041e+00   5.1822834067146699e+00   9.9351522089473434e+00   1.6449527039114567e+01   2.5155282347927429e+01   3.5018947473190615e+01   5.1578045866188759e+01
   2.7783694472907685e+00   5.5463811372520357e+00   1.0444545811966456e+01   1.7088577960424207e+01   2.5980878537131307e+01   3.6290260697968264e+01   5.4403152407965401e+01
   2.9735649919133951e+00   5.9095707276389033e+00   1.0953542374478996e+01   1.7743142414218259e+01   2.6851971228667157e+01   3.7662097842874338e+01   5.7480976266241143e+01
   3.1634569460917374e+00   6.2712725573337282e+00   1.1465642021978361e+01   1.8415620631797218e+01   2.7775260787261434e+01   3.9142197010637069e+01   6.0829820894199457e+01
   3.3489406832960693e+00   6.6312928706727341e+00   1.1983839098692950e+01   1.9107486449759048e+01   2.8753840866763518e+01   4.0739956257599069e+01   6.4463430981577943e+01
   3.5329988168307507e+00   6.9891896129710886e+00   1.2506258727457450e+01   1.9819063475328363e+01   2.9788684052600793e+01   4.2462994323049266e+01   6.8395669015695560e+01
   3.7142088524137287e+00   7.3452578849169896e+00   1.3032219077508932e+01   2.0553795788150239e+01   3.0881791508002845e+01   4.4315660947024355e+01   7.2649568688132874e+01
   3.8935284248682400e+00   7.6983426937365662e+00   1.3563608827709841e+01   2.1314947442853800e+01   3.2035818797970059e+01   4.6303240077405050e+01   7.7241899086546837e+01
   4.0701551927850508e+00   8.0489115436808625e+00   1.4102555171692355e+01   2.2101175403069469e+01   3.3257080427645320e+01   4.8437422321497614e+01   8.2191928312343933e+01
   4.2438022823386889e+00   8.3967717763320504e+00   1.4648128731589154e+01   2.2914263068084299e+01   3.4546924528807338e+01   5.0722688143908407e+01   8.7522287582060187e+01
   4.4155151225513727e+00   8.7432147560893050e+00   1.5199919528949003e+01   2.3755069199667982e+01   3.5906621600088656e+01   5.3164198206625485e+01   9.3251934515756190e+01
   4.5853397183261508e+00   9.0887542253446902e+00   1.5759700496901200e+01   2.4624389113970796e+01   3.7340343216826589e+01   5.5773414822097934e+01   9.9400022507573283e+01
   4.7514737315361257e+00   9.4333453527573603e+00   1.6325949881762700e+01   2.5523326016740963e+01   3.8849166997274473e+01   5.8556331908693075e+01   1.0598551005288046e+02
   4.9162142802579334e+00   9.7772291703582397e+00   1.6900181735205678e+01   2.6451752349329276e+01   4.0441304098536285e+01   6.1517197038692295e+01   1.1304035012415966e+02
   5.0802126627208768e+00   1.0116724288889605e+01   1.7482278059409332e+01   2.7410094539394962e+01   4.2117641439207688e+01   6.4656920387605240e+01   1.2059307616481449e+02
   5.2431966809296711e+00   1.0452982311274372e+01   1.8070354679250457e+01   2.8398790043821215e+01   4.3873333880091572e+01   6.7984846275698203e+01   1.2863376513919954e+02
   5.4029787780382819e+00   1.0789517829796822e+01   1.8663681387232380e+01   2.9420260887428213e+01   4.5707794270104380e+01   7.1509540626559513e+01   1.3719886051471909e+02
   5.5573648298188347e+00   1.1124647853328016e+01   1.9262611180239801e+01   3.0473056937861589e+01   4.7624230597872142e+01   7.5231746502463096e+01   1.4635994859332087e+02
   5.7093515021274692e+00   1.1458377509355740e+01   1.9869188629479009e+01   3.1557044423979111e+01   4.9624638145247445e+01   7.9158836093125146e+01   1.5610934165137786e+02
   5.8579686081519453e+00   1.1792272497395436e+01   2.0483736323943127e+01   3.2671198175769874e+01   5.1709567671895087e+01   8.3283891594029114e+01   1.6647002402565147e+02
   6.0026493487240886e+00   1.2124939955735076e+01   2.1104178393227453e+01   3.3814400257020225e+01   5.3879293120458421e+01   8.7601280834446243e+01   1.7750086709724775e+02
   6.1430617218512520e+00   1.2453508531934611e+01   2.1728528357703553e+01   3.4985204790553169e+01   5.6129156568888305e+01   9.2111909476335285e+01   1.8921156323242599e+02
   6.2798305992489336e+00   1.2777236252663606e+01   2.2358237824498914e+01   3.6183092511808340e+01   5.8462865343422941e+01   9.6819665082255256e+01   2.0164593056046147e+02
   6.4130987946485600e+00   1.3096986782274657e+01   2.2991911276895618e+01   3.7408439909723420e+01   6.0874124544127206e+01   1.0172797085896434e+02   2.1487220263630903e+02
   6.5440055377162345e+00   1.3411388066640615e+01   2.3628131644700883e+01   3.8656434555324353e+01   6.3350931102820773e+01   1.0683007427530612e+02   2.2892753410313935e+02
   6.6732814598869625e+00   1.3723540227915455e+01   2.4264132896258989e+01   3.9923098702494372e+01   6.5890874833423240e+01   1.1212568841092811e+02   2.4385775426976440e+02
   6.7982045403736953e+00   1.4031642438564742e+01   2.4897841987929542e+01   4.1206195900191226e+01   6.8489909968002877e+01   1.1759838425467902e+02   2.5971848610124943e+02
   6.9166217073927996e+00   1.4332819388809211e+01   2.5529150856952928e+01   4.2507709095984758e+01   7.1141135199246463e+01   1.2324951201186674e+02   2.7658918317777102e+02
   7.0318053728799939e+00   1.4630459178974073e+01   2.6161776272437901e+01   4.3826745055327891e+01   7.3849155140315261e+01   1.2904770246304514e+02   2.9454703423812003e+02
   7.1452077451922102e+00   1.4925039247104221e+01   2.6794732294575905e+01   4.5155407619093225e+01   7.6611133000478361e+01   1.3496295904139239e+02   3.1360083955823819e+02
   7.2539421380141702e+00   1.5212760827539411e+01   2.7423273516182462e+01   4.6486878770594245e+01   7.9409275797419212e+01   1.4101780073454825e+02   3.3378021735373079e+02
   7.3603269972498184e+00   1.5493303575524838e+01   2.8044784722991128e+01   4.7820680221292960e+01   8.2231041318653837e+01   1.4719823251898424e+02   3.5521728332973322e+02
   7.4653343458667543e+00   1.5766295115453682e+01   2.8657879993235149e+01   4.9154690517074044e+01   8.5069071250213938e+01   1.5346276550346539e+02   3.7793739165386989e+02
   7.5646972791670288e+00   1.6029562024458187e+01   2.9260857785603008e+01   5.0482097355257530e+01   8.7913500982827330e+01   1.5978724167820809e+02   4.0194994740988869e+02
   7.6587760984698772e+00   1.6288307165479090e+01   2.9852356761995395e+01   5.1793214390831672e+01   9.0747679093007193e+01   1.6614192280787731e+02   4.2724982945378508e+02
   7.7484955171558099e+00   1.6540430325592848e+01   3.0433199025014137e+01   5.3087020970361692e+01   9.3559635434700695e+01   1.7248036828146761e+02   4.5383019373032784e+02
   7.8342934872421583e+00   1.6781531950349390e+01   3.0999439700439730e+01   5.4367157707690360e+01   9.6353935874690222e+01   1.7880692120565732e+02   4.8143353337931433e+02
   7.9171400228628963e+00   1.7015613789255479e+01   3.1551796447987275e+01   5.5624879935179116e+01   9.9119135621930283e+01   1.8507477141731437e+02   5.0961091287652306e+02
   7.9960707102798505e+00   1.7240960678773934e+01   3.2089020387474022e+01   5.6858040302436891e+01   1.0182381422892027e+02   1.9120948815993290e+02   5.3815229703640921e+02
   8.0680991839232021e+00   1.7452915985125575e+01   3.2604255742886821e+01   5.8059564921616762e+01   1.0444880374778579e+02   1.9720745959294041e+02   5.6631757004778672e+02
   8.1332665727271998e+00   1.7653288452908043e+01   3.3097721607142894e+01   5.9210632796919903e+01   1.0698661352749833e+02   2.0300545787832769e+02   5.9341115453430848e+02
   8.1939541418365849e+00   1.7844499750996569e+01   3.3570952745021273e+01   6.0316045195802594e+01   1.0943466033004840e+02   2.0857867705301729e+02   6.1867827772009275e+02
   8.2516358515306454e+00   1.8024585033747645e+01   3.4020749189657636e+01   6.1378401930989732e+01   1.1176507099590242e+02   2.1389825932327099e+02   6.4082167125153512e+02
   8.3051631803312915e+00   1.8192975450308452e+01   3.4442312845593889e+01   6.2385922704870815e+01   1.1395472349696558e+02   2.1885814598553179e+02   6.5884149819111394e+02
   8.3540945225253687e+00   1.8351290610686505e+01   3.4837258941362407e+01   6.3330979698263000e+01   1.1601234696319821e+02   2.2344236178241368e+02   6.7183850250031765e+02
   8.3985215955726140e+00   1.8498674342706984e+01   3.5206364033956312e+01   6.4206914573835263e+01   1.1792814391376488e+02   2.2760220915527265e+02   6.7908871468501957e+02
   8.4348631510467698e+00   1.8630584519779891e+01   3.5547738715739065e+01   6.5014878017107392e+01   1.1968618098376479e+02   2.3125487975742871e+02   6.8000423999999998e+02
   8.4663462501724265e+00   1.8747333760147288e+01   3.5856501573344033e+01   6.5744131538316822e+01   1.2127585958320824e+02   2.3439019172822358e+02   6.6898627858950204e+02
   8.4943882296650113e+00   1.8852949699044167e+01   3.6129898847448572e+01   6.6401318634615819e+01   1.2265589467205680e+02   2.3697664249030299e+02   6.4706844846090291e+02
   8.5163365814125864e+00   1.8944879947577160e+01   3.6371204967182372e+01   6.6985858355285529e+01   1.2381634376747937e+02   2.3895518907540244e+02   6.1706761846585050e+02
   8.5333968745385231e+00   1.9023453286232751e+01   3.6576614974260757e+01   6.7481429761691402e+01   1.2478283709737087e+02   2.4037229242334448e+02   5.8020715080155298e+02
   8.5475664734186338e+00   1.9089732609980459e+01   3.6744517665245496e+01   6.7894739805830781e+01   1.2554930289305327e+02   2.4120179270332642e+02   5.3840563378037632e+02
   8.5597363003069606e+00   1.9141188191164602e+01   3.6873317154323018e+01   6.8218259497152786e+01   1.2610222736731082e+02   2.4136728869526479e+02   4.9414278898882554e+02
   8.5656447934272411e+00   1.9178520343916063e+01   3.6966255634657067e+01   6.8443080658248761e+01   1.2642596975038239e+02   2.3993344903979690e+02   4.5004496275529732e+02
   8.5651862411643229e+00   1.9202867925017276e+01   3.7028422848576461e+01   6.8573414293017294e+01   1.2651968458608010e+02   2.3660512048672214e+02   4.1060301384184987e+02
   8.5579650786160197e+00   1.9212715151938809e+01   3.7055749499779715e+01   6.8605986554704756e+01   1.2616138989077788e+02   2.3147482980987328e+02   3.7550411485633532e+02
   8.5435257764758923e+00   1.9204559634371723e+01   3.7034144452462385e+01   6.8479620450569357e+01   1.2520245753448060e+02   2.2478873221797090e+02   3.4308633040261464e+02
   8.5216020207012111e+00   1.9178798277939620e+01   3.6945178384358336e+01   6.8179818282418452e+01   1.2371950288334460e+02   2.1683888008211997e+02   3.1287281359471928e+02
   8.4920276509312469e+00   1.9129864088131470e+01   3.6786977976270002e+01   6.7708813719581826e+01   1.2174839925744779e+02   2.0780935316768696e+02   2.8457615458316923e+02
