   1.2468463000000000e+01   1.8151851000000001e+01   2.3544543999999998e+01   2.8536784000000001e+01   3.7451698999999998e+01   4.3459052999999997e+01   2.2596056999999998e+01
   1.2468463000000000e+01   1.8151851000000001e+01   2.3544543999999998e+01   2.8536784000000001e+01   3.7451698999999998e+01   4.3459052999999997e+01   2.2596056999999998e+01
   1.1957986000000000e+01   1.7373550999999999e+01   2.2335398999999999e+01   2.6600299000000000e+01   3.3824263999999999e+01   3.7594822999999998e+01   1.6305071000000002e+01
   1.1859947000000000e+01   1.6989032999999999e+01   2.0639816000000000e+01   2.4543362999999999e+01   3.1145996000000000e+01   3.2091129000000002e+01   1.0359906000000001e+01
   1.0984359000000000e+01   1.5483393000000000e+01   1.8999827000000000e+01   2.2838515000000001e+01   2.7776087000000000e+01   2.6675730000000001e+01   4.4073817999999996e+00
   1.0416410000000001e+01   1.4918199000000000e+01   1.7999154999999998e+01   2.1087340000000001e+01   2.3530590000000000e+01   2.2592106999999999e+01   1.2655677000000001e+00
   9.5223096999999992e+00   1.3528598000000001e+01   1.6502559999999999e+01   1.8211953000000001e+01   2.1334088000000001e+01   1.8042835000000000e+01  -2.8003960000000001e+00
   8.9579024999999994e+00   1.2686541999999999e+01   1.5338639000000001e+01   1.6493648000000000e+01   1.8759530000000002e+01   1.4002307999999999e+01  -6.1305719999999999e+00
   8.3548594000000005e+00   1.1801247999999999e+01   1.4097286000000000e+01   1.4861380000000000e+01   1.6283429000000002e+01   1.0193028999999999e+01  -9.1693759000000004e+00
   7.7741930000000004e+00   1.0932940000000000e+01   1.2997121000000000e+01   1.3185872000000000e+01   1.3731646000000000e+01   6.5319583000000003e+00  -1.1866773999999999e+01
   7.2086589999999999e+00   1.0041248000000000e+01   1.1745839999999999e+01   1.1540588000000000e+01   1.1339634000000000e+01   3.2419349999999998e+00  -1.4512667000000000e+01
   6.6349149000000001e+00   9.1544095999999993e+00   1.0542431000000001e+01   9.8712578000000004e+00   8.9658415999999992e+00   1.3145450999999999e-03  -1.6634679999999999e+01
   6.0371841999999996e+00   8.2479368999999991e+00   9.3147550999999993e+00   8.1075078000000005e+00   6.5832899999999999e+00  -2.9744223000000001e+00  -1.8609534000000000e+01
   5.4320482999999999e+00   7.3249187999999998e+00   8.0866381000000001e+00   6.4050865000000003e+00   4.2624043000000000e+00  -5.5412711999999997e+00  -2.0275358000000001e+01
   4.8219219999999998e+00   6.3756484999999996e+00   6.8739635000000003e+00   4.7628906999999998e+00   2.0641501000000000e+00  -8.1648809000000000e+00  -2.1877904000000001e+01
   4.2169470999999996e+00   5.4614545999999997e+00   5.6326099999999997e+00   3.1712139000000001e+00  -9.1358470999999997e-02  -1.0467897000000001e+01  -2.3058108000000001e+01
   3.6121332000000002e+00   4.5510109999999999e+00   4.4682483000000000e+00   1.5879201999999999e+00  -2.0390945000000000e+00  -1.2792987000000000e+01  -2.4208880000000001e+01
   3.0427355000000000e+00   3.6394644000000000e+00   3.3160199000000001e+00   8.1176883000000005e-02  -3.9773703999999999e+00  -1.4586207999999999e+01  -2.5125672000000002e+01
   2.4604593000000001e+00   2.7621118999999998e+00   2.0918736999999998e+00  -1.3792390000000001e+00  -5.8616884999999996e+00  -1.6224913000000001e+01  -2.6049821000000001e+01
   1.8913835999999999e+00   1.8816708000000000e+00   9.9634124000000002e-01  -2.7293516000000002e+00  -7.4229605999999997e+00  -1.7773220999999999e+01  -2.6779723000000001e+01
   1.3224689000000001e+00   1.0164515999999999e+00  -1.6184356999999999e-01  -4.0799054000000003e+00  -8.9376329000000005e+00  -1.9101844000000000e+01  -2.7255042000000000e+01
   7.3697299999999999e-01   1.7108701000000001e-01  -1.3070126000000000e+00  -5.4609028999999998e+00  -1.0328973000000000e+01  -2.0406291000000000e+01  -2.7405142999999999e+01
   1.7272683999999999e-01  -6.6832122000000005e-01  -2.3123170000000002e+00  -6.6305592999999998e+00  -1.1676166000000000e+01  -2.1505768000000000e+01  -2.7508153000000000e+01
  -4.0455896000000002e-01  -1.4850070000000000e+00  -3.3125475000000000e+00  -7.8185260999999997e+00  -1.2930159000000000e+01  -2.2159569000000001e+01  -2.7702400999999998e+01
  -9.4980909999999996e-01  -2.2869120999999999e+00  -4.3021887999999997e+00  -8.8578039000000004e+00  -1.4132647000000000e+01  -2.2844902999999999e+01  -2.7622935999999999e+01
  -1.4934494000000000e+00  -3.0742571000000001e+00  -5.2046904999999999e+00  -9.8545046999999997e+00  -1.5194634000000001e+01  -2.3483986999999999e+01  -2.7793638999999999e+01
  -1.9868629000000000e+00  -3.8543221999999999e+00  -6.0937352000000002e+00  -1.0811275999999999e+01  -1.6132588999999999e+01  -2.4083129000000000e+01  -2.8059994000000000e+01
  -2.5208442999999998e+00  -4.6132090000000003e+00  -6.9660137999999998e+00  -1.1706497000000001e+01  -1.7093668000000001e+01  -2.4411079999999998e+01  -2.8235112000000001e+01
  -3.0501570999999998e+00  -5.3387842000000001e+00  -7.8142462999999998e+00  -1.2526713000000001e+01  -1.7904436000000000e+01  -2.4752696000000000e+01  -2.8488223000000001e+01
  -3.5458243999999999e+00  -6.0449460999999998e+00  -8.5989441000000006e+00  -1.3335016000000000e+01  -1.8715205000000001e+01  -2.5036500000000000e+01  -2.8713374000000002e+01
  -4.0554971999999996e+00  -6.7118399000000002e+00  -9.4242334999999997e+00  -1.4058605000000000e+01  -1.9381619000000001e+01  -2.5433824999999999e+01  -2.8542670999999999e+01
  -4.5508426000000002e+00  -7.3635118999999998e+00  -1.0111423000000000e+01  -1.4709616000000000e+01  -1.9957985999999998e+01  -2.5888963000000000e+01  -2.8485278999999998e+01
  -5.0228453999999996e+00  -7.9953292999999999e+00  -1.0800378000000000e+01  -1.5364817000000000e+01  -2.0471285999999999e+01  -2.6117056999999999e+01  -2.8445547000000001e+01
  -5.5030583000000002e+00  -8.6002326999999994e+00  -1.1450284999999999e+01  -1.5903097000000001e+01  -2.0981781999999999e+01  -2.5937314000000001e+01  -2.8664812000000001e+01
  -5.9626653999999997e+00  -9.1554996000000006e+00  -1.2116296000000000e+01  -1.6436523999999999e+01  -2.1374552999999999e+01  -2.6016148999999999e+01  -2.8592704000000001e+01
  -6.4279069000000000e+00  -9.7189289999999993e+00  -1.2731567999999999e+01  -1.6939948999999999e+01  -2.1844757000000001e+01  -2.6058194000000000e+01  -2.8823741999999999e+01
  -6.8944362000000003e+00  -1.0258312000000000e+01  -1.3260362000000001e+01  -1.7419326999999999e+01  -2.2154138000000000e+01  -2.6195891000000000e+01  -2.8970898999999999e+01
  -7.3443842999999998e+00  -1.0818652999999999e+01  -1.3821806000000000e+01  -1.7892969000000001e+01  -2.2456512000000000e+01  -2.6175920000000001e+01  -2.9363810000000001e+01
  -7.7883760000000004e+00  -1.1298031000000000e+01  -1.4343541000000000e+01  -1.8302636000000000e+01  -2.2771850000000001e+01  -2.6264215000000000e+01  -2.9352038000000000e+01
  -8.2083812999999992e+00  -1.1756231000000000e+01  -1.4855789000000000e+01  -1.8694433000000000e+01  -2.2917956000000000e+01  -2.6357765000000001e+01  -2.9505081000000001e+01
  -8.6534998000000005e+00  -1.2232300000000000e+01  -1.5393848999999999e+01  -1.9027107999999998e+01  -2.3180738000000002e+01  -2.6421883999999999e+01  -2.9712574000000000e+01
  -9.0620752000000007e+00  -1.2703516000000000e+01  -1.5827781999999999e+01  -1.9360886000000001e+01  -2.3412336000000000e+01  -2.6615290999999999e+01  -3.0011303999999999e+01
  -9.4498838000000003e+00  -1.3148921000000000e+01  -1.6173693000000000e+01  -1.9641276999999999e+01  -2.3674766999999999e+01  -2.6786624000000000e+01  -3.0020133000000001e+01
  -9.8355996000000001e+00  -1.3572486000000000e+01  -1.6578064999999999e+01  -1.9959392000000001e+01  -2.3843997999999999e+01  -2.6907503999999999e+01  -3.0133444000000001e+01
  -1.0198295000000000e+01  -1.3976637000000000e+01  -1.6941184000000000e+01  -2.0189926000000000e+01  -2.3945606999999999e+01  -2.6975826999999999e+01  -3.0433646000000000e+01
  -1.0589484000000001e+01  -1.4375494000000000e+01  -1.7302758000000001e+01  -2.0509585000000001e+01  -2.3989052999999998e+01  -2.7127189000000001e+01  -3.0395385000000001e+01
  -1.0958458000000000e+01  -1.4779204000000000e+01  -1.7686834000000001e+01  -2.0721588000000001e+01  -2.4034953000000002e+01  -2.7239659000000000e+01  -3.0415987000000001e+01
  -1.1327591999999999e+01  -1.5136806999999999e+01  -1.8055468000000001e+01  -2.0967784999999999e+01  -2.4085056000000002e+01  -2.7389970000000002e+01  -3.0577860000000001e+01
  -1.1649075000000000e+01  -1.5447642000000000e+01  -1.8320416000000002e+01  -2.1202950999999999e+01  -2.4006923000000000e+01  -2.7537127999999999e+01  -3.0526354999999999e+01
  -1.1971847000000000e+01  -1.5744579000000000e+01  -1.8637208000000001e+01  -2.1380099000000001e+01  -2.4143919000000000e+01  -2.7538179000000000e+01  -3.0510168000000000e+01
  -1.2312326000000001e+01  -1.6058721999999999e+01  -1.8860461999999998e+01  -2.1560334000000001e+01  -2.4217148000000002e+01  -2.7621217999999999e+01  -3.0920736999999999e+01
  -1.2633971000000001e+01  -1.6394044999999998e+01  -1.9092540000000000e+01  -2.1780719999999999e+01  -2.4274259000000001e+01  -2.7835647999999999e+01  -3.1131173000000000e+01
  -1.2949980999999999e+01  -1.6697158000000002e+01  -1.9316676000000001e+01  -2.1953676000000002e+01  -2.4344684000000001e+01  -2.7942862000000002e+01  -3.1516725999999998e+01
  -1.3254883000000000e+01  -1.6973358000000001e+01  -1.9544563000000000e+01  -2.2103687999999998e+01  -2.4422117000000000e+01  -2.7980702999999998e+01  -3.1865489000000000e+01
  -1.3545619000000000e+01  -1.7255513000000001e+01  -1.9791862999999999e+01  -2.2297822000000000e+01  -2.4572779000000001e+01  -2.8206695000000000e+01  -3.2093583000000002e+01
  -1.3837320000000000e+01  -1.7529506999999999e+01  -2.0000115000000001e+01  -2.2517766999999999e+01  -2.4694358999999999e+01  -2.8190928000000000e+01  -3.2306961999999999e+01
  -1.4107450000000000e+01  -1.7771291999999999e+01  -2.0172850000000000e+01  -2.2634909000000000e+01  -2.4778099000000001e+01  -2.8258199999999999e+01  -3.2524754999999999e+01
  -1.4360516000000001e+01  -1.8020576999999999e+01  -2.0351320999999999e+01  -2.2753596000000002e+01  -2.4883911999999999e+01  -2.8324421000000001e+01  -3.2746963000000001e+01
  -1.4618572000000000e+01  -1.8221108999999998e+01  -2.0550529000000001e+01  -2.2838529000000001e+01  -2.4962046000000001e+01  -2.8470528000000002e+01  -3.2769036000000000e+01
  -1.4884033000000001e+01  -1.8467746999999999e+01  -2.0735396999999999e+01  -2.2960083000000001e+01  -2.5050339999999998e+01  -2.8558821999999999e+01  -3.3618136000000000e+01
  -1.5151748000000000e+01  -1.8729607000000001e+01  -2.0877468000000000e+01  -2.3053400000000000e+01  -2.5195746000000000e+01  -2.8611378999999999e+01  -3.4177334000000002e+01
  -1.5408194999999999e+01  -1.8977568999999999e+01  -2.1027259999999998e+01  -2.3259667000000000e+01  -2.5328188000000001e+01  -2.8784814000000001e+01  -3.5038206000000002e+01
  -1.5652728000000000e+01  -1.9170600000000000e+01  -2.1192934999999999e+01  -2.3366440999999998e+01  -2.5502324000000002e+01  -2.8866802000000000e+01  -3.5941754000000003e+01
  -1.5905310999999999e+01  -1.9369807000000002e+01  -2.1401188000000001e+01  -2.3470347000000000e+01  -2.5675760000000000e+01  -2.9265179000000000e+01  -3.7264699999999998e+01
  -1.6140668000000002e+01  -1.9571000999999999e+01  -2.1657973999999999e+01  -2.3611094000000001e+01  -2.5814509000000001e+01  -2.9523755999999999e+01  -3.8169719999999998e+01
  -1.6377475000000000e+01  -1.9777488999999999e+01  -2.1851226000000000e+01  -2.3757576000000000e+01  -2.6075538000000002e+01  -2.9577362999999998e+01  -3.9032063000000001e+01
  -1.6599792000000001e+01  -2.0014641000000001e+01  -2.1956454999999998e+01  -2.3872512000000000e+01  -2.6355138000000000e+01  -2.9910570000000000e+01  -4.0290260000000004e+01
  -1.6818729999999999e+01  -2.0198626999999998e+01  -2.2162942999999999e+01  -2.4037085000000001e+01  -2.6647701000000001e+01  -3.0364656000000000e+01  -4.1805984000000002e+01
  -1.7018027000000000e+01  -2.0420335999999999e+01  -2.2321778999999999e+01  -2.4114518000000000e+01  -2.6989667000000001e+01  -3.0880759000000001e+01  -4.3349666999999997e+01
  -1.7237929999999999e+01  -2.0659693999999998e+01  -2.2485690000000002e+01  -2.4280635000000000e+01  -2.7304655000000000e+01  -3.1439958000000001e+01  -4.4749135000000003e+01
  -1.7465560000000000e+01  -2.0914715999999999e+01  -2.2638570999999999e+01  -2.4454692999999999e+01  -2.7535902000000000e+01  -3.1682767999999999e+01  -4.7038907000000002e+01
  -1.7699952000000000e+01  -2.1146794000000000e+01  -2.2839102000000000e+01  -2.4682359000000002e+01  -2.7739820999999999e+01  -3.2224097999999998e+01  -4.9054966000000000e+01
  -1.7913415000000001e+01  -2.1387255000000000e+01  -2.3061253000000001e+01  -2.4881125999999998e+01  -2.7997696999999999e+01  -3.2707616000000002e+01  -5.1013634000000003e+01
  -1.8088082000000000e+01  -2.1609185000000000e+01  -2.3317157000000002e+01  -2.5205418000000002e+01  -2.8304976000000000e+01  -3.3198490999999997e+01  -5.3585948000000002e+01
  -1.8310883000000000e+01  -2.1833763000000001e+01  -2.3570191999999999e+01  -2.5401316000000001e+01  -2.8666913999999998e+01  -3.3838627000000002e+01  -5.6654184000000001e+01
  -1.8529015000000001e+01  -2.2095623000000000e+01  -2.3873085000000000e+01  -2.5640675000000002e+01  -2.8945813000000001e+01  -3.4353678000000002e+01  -5.9841616999999999e+01
  -1.8714628999999999e+01  -2.2350203000000000e+01  -2.4107370000000000e+01  -2.5825983999999998e+01  -2.9319662999999998e+01  -3.5046370000000003e+01  -6.3217412000000003e+01
  -1.8920044000000001e+01  -2.2618461000000000e+01  -2.4333711999999998e+01  -2.6176528000000001e+01  -2.9675995000000000e+01  -3.6006048000000000e+01  -6.7377556999999996e+01
  -1.9092939999999999e+01  -2.2861128000000001e+01  -2.4617412000000002e+01  -2.6527512999999999e+01  -3.0102751999999999e+01  -3.6932090000000002e+01  -7.1595093000000006e+01
  -1.9271470000000001e+01  -2.3111958000000001e+01  -2.4867801000000000e+01  -2.6918427999999999e+01  -3.0586620000000000e+01  -3.8134577999999998e+01  -7.6398317000000006e+01
  -1.9457405999999999e+01  -2.3360361000000001e+01  -2.5124807000000001e+01  -2.7280222999999999e+01  -3.0991302999999998e+01  -3.9278202999999998e+01  -8.1258932999999999e+01
  -1.9630462000000001e+01  -2.3627516000000000e+01  -2.5363945000000001e+01  -2.7675771000000001e+01  -3.1500399000000002e+01  -4.0492252999999998e+01  -8.6928915000000003e+01
  -1.9807061000000001e+01  -2.3888935000000000e+01  -2.5688898999999999e+01  -2.8011755000000001e+01  -3.1995479000000000e+01  -4.1837693999999999e+01  -9.2987392000000000e+01
  -1.9962571000000001e+01  -2.4161162999999998e+01  -2.5993777000000001e+01  -2.8428039999999999e+01  -3.2507376999999998e+01  -4.3224128999999998e+01  -1.0001270000000000e+02
  -2.0110030999999999e+01  -2.4453688000000000e+01  -2.6284537000000000e+01  -2.8887784000000000e+01  -3.3016823000000002e+01  -4.4645251000000002e+01  -1.0730583000000000e+02
  -2.0274073000000001e+01  -2.4714665000000000e+01  -2.6607724999999999e+01  -2.9297008999999999e+01  -3.3693747999999999e+01  -4.6076884000000000e+01  -1.1544806000000000e+02
  -2.0440369000000000e+01  -2.4989540999999999e+01  -2.6938414999999999e+01  -2.9743075999999999e+01  -3.4373475999999997e+01  -4.7849082000000003e+01  -1.2423631000000000e+02
  -2.0592981000000002e+01  -2.5244342000000000e+01  -2.7341684000000001e+01  -3.0246279999999999e+01  -3.5134490999999997e+01  -4.9523525999999997e+01  -1.3386777000000001e+02
  -2.0738831999999999e+01  -2.5511496000000001e+01  -2.7650312000000000e+01  -3.0745733000000001e+01  -3.5832788999999998e+01  -5.1402939000000003e+01  -1.4390687000000000e+02
  -2.0881302000000002e+01  -2.5760120000000001e+01  -2.8033065000000001e+01  -3.1335856000000000e+01  -3.6503056999999998e+01  -5.3462094000000000e+01  -1.5484215000000000e+02
  -2.1030211999999999e+01  -2.6020876999999999e+01  -2.8511561000000000e+01  -3.1898402999999998e+01  -3.7394412000000003e+01  -5.5712553999999997e+01  -1.6660299000000001e+02
  -2.1141773000000001e+01  -2.6251190999999999e+01  -2.8906887999999999e+01  -3.2443522000000002e+01  -3.8263342000000002e+01  -5.8155371000000002e+01  -1.7915111999999999e+02
  -2.1241743000000000e+01  -2.6496064000000001e+01  -2.9319642999999999e+01  -3.3003200999999997e+01  -3.9276628000000002e+01  -6.0655999000000001e+01  -1.9270875000000001e+02
  -2.1308872999999998e+01  -2.6707846000000000e+01  -2.9722470000000001e+01  -3.3567512999999998e+01  -4.0202669999999998e+01  -6.2951658000000002e+01  -2.0695802000000000e+02
  -2.1408843999999998e+01  -2.6929114999999999e+01  -3.0128166000000000e+01  -3.4099395000000001e+01  -4.1162697999999999e+01  -6.5616262000000006e+01  -2.2202255000000000e+02
  -2.1495291999999999e+01  -2.7174650000000000e+01  -3.0544008999999999e+01  -3.4710695999999999e+01  -4.2161617999999997e+01  -6.8323961999999995e+01  -2.3771691000000001e+02
  -2.1556626999999999e+01  -2.7374078000000001e+01  -3.0925218000000001e+01  -3.5317365000000002e+01  -4.3244627999999999e+01  -7.1178820000000002e+01  -2.5384245000000001e+02
  -2.1630839999999999e+01  -2.7579242000000001e+01  -3.1330252000000002e+01  -3.5971463000000000e+01  -4.4292951000000002e+01  -7.4112511999999995e+01  -2.6955153000000001e+02
  -2.1672695999999998e+01  -2.7778009000000001e+01  -3.1777421000000000e+01  -3.6517906000000004e+01  -4.5385421000000001e+01  -7.6893790999999993e+01  -2.8609647000000001e+02
  -2.1720829999999999e+01  -2.7966187000000001e+01  -3.2121347000000000e+01  -3.7084203000000002e+01  -4.6458970999999998e+01  -7.9799103000000002e+01  -3.0122428000000002e+02
  -2.1742079000000000e+01  -2.8162967999999999e+01  -3.2505423000000000e+01  -3.7587186000000003e+01  -4.7516052999999999e+01  -8.2753817999999995e+01  -3.1431394999999998e+02
  -2.1720991000000001e+01  -2.8335702999999999e+01  -3.2860819999999997e+01  -3.8116641999999999e+01  -4.8613779000000001e+01  -8.5842026000000004e+01  -3.2757285999999999e+02
  -2.1687989000000002e+01  -2.8474685000000001e+01  -3.3223056000000000e+01  -3.8578812999999997e+01  -4.9565398000000002e+01  -8.8972279000000000e+01  -3.3740298999999999e+02
  -2.1608946000000000e+01  -2.8571090000000002e+01  -3.3519992999999999e+01  -3.9084663999999997e+01  -5.0644553999999999e+01  -9.1756711999999993e+01  -3.4271539000000001e+02
  -2.1512678000000001e+01  -2.8632860000000001e+01  -3.3896569000000000e+01  -3.9630445000000002e+01  -5.1614041999999998e+01  -9.4342481000000006e+01  -3.4477559000000002e+02
  -2.1412064000000001e+01  -2.8658891000000001e+01  -3.4190196000000000e+01  -4.0099234000000003e+01  -5.2595793999999998e+01  -9.6780041999999995e+01  -3.4128059999999999e+02
  -2.1265730000000001e+01  -2.8689556000000000e+01  -3.4407935000000002e+01  -4.0557434000000001e+01  -5.3494857000000003e+01  -9.9273313000000002e+01  -3.2874275999999998e+02
  -2.1107804999999999e+01  -2.8677864000000000e+01  -3.4613540000000000e+01  -4.0927171000000001e+01  -5.4321392000000003e+01  -1.0161521999999999e+02  -3.1083366999999998e+02
  -2.0928953000000000e+01  -2.8614108000000002e+01  -3.4774583000000000e+01  -4.1278156000000003e+01  -5.5001120000000000e+01  -1.0340949000000001e+02  -2.8783292999999998e+02
  -2.0687639000000001e+01  -2.8506672999999999e+01  -3.4915770999999999e+01  -4.1559209000000003e+01  -5.5670687000000001e+01  -1.0471709000000000e+02  -2.6490429000000000e+02
  -2.0443428000000001e+01  -2.8357983999999998e+01  -3.4942022999999999e+01  -4.1725104999999999e+01  -5.6175227999999997e+01  -1.0588279000000000e+02  -2.4219934000000001e+02
  -2.0152208999999999e+01  -2.8171130000000002e+01  -3.4931654999999999e+01  -4.1817318999999998e+01  -5.6473047000000001e+01  -1.0672580000000001e+02  -2.1972984000000000e+02
  -1.9858575999999999e+01  -2.7959126999999999e+01  -3.4860399000000001e+01  -4.1854380999999997e+01  -5.6584817000000001e+01  -1.0705374999999999e+02  -1.9801526000000001e+02
  -1.9526306000000002e+01  -2.7645424999999999e+01  -3.4694502999999997e+01  -4.1767902999999997e+01  -5.6517194000000003e+01  -1.0644513999999999e+02  -1.7763981000000001e+02
  -1.9179548000000000e+01  -2.7315176000000001e+01  -3.4466175000000000e+01  -4.1582372999999997e+01  -5.6308720999999998e+01  -1.0494624000000000e+02  -1.5823707999999999e+02
  -1.8821200000000001e+01  -2.6944116000000001e+01  -3.4158208000000002e+01  -4.1228740000000002e+01  -5.5841670999999998e+01  -1.0252339000000001e+02  -1.4029267999999999e+02
  -1.8402804000000000e+01  -2.6504446999999999e+01  -3.3766852000000000e+01  -4.0805396000000002e+01  -5.5166147000000002e+01  -9.9520326999999995e+01  -1.2376394000000001e+02
  -1.7952051000000001e+01  -2.6015582999999999e+01  -3.3205187000000002e+01  -4.0210419999999999e+01  -5.4220835000000001e+01  -9.5611188999999996e+01  -1.0889219000000000e+02
  -1.7473286999999999e+01  -2.5489877000000000e+01  -3.2629182999999998e+01  -3.9445798000000003e+01  -5.3126261999999997e+01  -9.0980980000000002e+01  -9.5155024999999995e+01
  -1.6968765999999999e+01  -2.4848573999999999e+01  -3.1981262000000001e+01  -3.8637053999999999e+01  -5.1764704000000002e+01  -8.5660180999999994e+01  -8.2584823000000000e+01
  -1.6467303000000001e+01  -2.4184547999999999e+01  -3.1273555999999999e+01  -3.7652265000000000e+01  -5.0182059000000002e+01  -8.0000918999999996e+01  -7.1152150000000006e+01
  -1.5938955999999999e+01  -2.3438897000000001e+01  -3.0450251999999999e+01  -3.6568204000000001e+01  -4.8451904999999996e+01  -7.4058904999999996e+01  -6.0982089000000002e+01
  -1.5368432000000000e+01  -2.2653758000000000e+01  -2.9543558000000001e+01  -3.5345602000000000e+01  -4.6482446000000003e+01  -6.8290325999999993e+01  -5.1519855999999997e+01
  -1.4785672000000000e+01  -2.1803318999999998e+01  -2.8537813000000000e+01  -3.4060789000000000e+01  -4.4449218000000002e+01  -6.2154904999999999e+01  -4.2840501000000003e+01
  -1.4216113999999999e+01  -2.0924643000000000e+01  -2.7417572000000000e+01  -3.2617359999999998e+01  -4.2146901999999997e+01  -5.6044710000000002e+01  -3.5049979000000000e+01
  -1.3635930000000000e+01  -2.0008683999999999e+01  -2.6200043999999998e+01  -3.1023036000000001e+01  -3.9757693000000003e+01  -4.9733750999999998e+01  -2.8229225000000000e+01
  -1.3018560000000001e+01  -1.9060957999999999e+01  -2.4967293999999999e+01  -2.9347528000000001e+01  -3.7191895000000002e+01  -4.4115482999999998e+01  -2.2010345999999998e+01
  -1.2395232999999999e+01  -1.8094259999999998e+01  -2.3679613000000000e+01  -2.7568998000000001e+01  -3.4505567999999997e+01  -3.8417330999999997e+01  -1.6096083000000000e+01
  -1.1753553999999999e+01  -1.7085867000000000e+01  -2.2334795000000000e+01  -2.5681487000000001e+01  -3.1621278000000000e+01  -3.3150139000000003e+01  -1.0649781000000001e+01
  -1.1102376000000000e+01  -1.6047913000000001e+01  -2.0890924999999999e+01  -2.3720956000000001e+01  -2.8758362000000002e+01  -2.7953374000000000e+01  -5.7023434000000002e+00
  -1.0489352000000000e+01  -1.5010400000000001e+01  -1.9390138000000000e+01  -2.1741451999999999e+01  -2.5849195999999999e+01  -2.3101376999999999e+01  -1.0109600999999999e+00
  -9.8647375000000004e+00  -1.3973769000000001e+01  -1.7905897000000000e+01  -1.9678780000000000e+01  -2.2887124000000000e+01  -1.8412305000000000e+01   3.4052387000000000e+00
  -9.2037403999999992e+00  -1.2901180000000000e+01  -1.6355253000000001e+01  -1.7613682000000001e+01  -1.9912787999999999e+01  -1.4420130000000000e+01   7.0694622000000003e+00
  -8.5251961000000005e+00  -1.1803882000000000e+01  -1.4851376999999999e+01  -1.5549245000000001e+01  -1.7002571000000000e+01  -1.0195656000000000e+01   1.0339302999999999e+01
  -7.8506764999999996e+00  -1.0705041000000000e+01  -1.3313528000000000e+01  -1.3470248000000000e+01  -1.4184151999999999e+01  -6.3727115000000003e+00   1.3304529000000000e+01
  -7.1793765000000000e+00  -9.5947274999999994e+00  -1.1785826999999999e+01  -1.1388161999999999e+01  -1.1403574000000001e+01  -2.8987411999999999e+00   1.5741458000000000e+01
  -6.5156426999999999e+00  -8.5166228000000004e+00  -1.0258568000000000e+01  -9.4013787999999998e+00  -8.7463282000000007e+00   3.5239052999999998e-01   1.7935576999999999e+01
  -5.8276003999999997e+00  -7.4133690000000003e+00  -8.6933637000000008e+00  -7.3625322999999998e+00  -6.1899902999999998e+00   3.0338121000000000e+00   2.0009027000000000e+01
  -5.1678911999999997e+00  -6.3173953000000003e+00  -7.2234616999999997e+00  -5.4183260000000004e+00  -3.8477317000000002e+00   5.6374503999999996e+00   2.1376121000000001e+01
  -4.5207386999999999e+00  -5.2225245999999999e+00  -5.7178215000000003e+00  -3.5312568000000000e+00  -1.5187873999999999e+00   8.0508349999999993e+00   2.2735856999999999e+01
  -3.8898454999999998e+00  -4.1799375999999997e+00  -4.2362273999999998e+00  -1.6938241000000001e+00   6.6545198000000005e-01   1.0270811999999999e+01   2.4092649999999999e+01
  -3.2397952999999999e+00  -3.1417628000000000e+00  -2.8122115999999999e+00   7.3014414999999999e-02   2.7498344000000001e+00   1.2019885000000000e+01   2.4906431000000001e+01
  -2.5820178999999999e+00  -2.1563129999999999e+00  -1.4215074000000001e+00   1.7597727000000001e+00   4.7203448000000003e+00   1.3992848000000000e+01   2.5584827000000001e+01
  -1.9636814000000000e+00  -1.1620389000000000e+00  -3.6318446999999997e-02   3.3371100999999999e+00   6.5671727000000004e+00   1.5821807000000000e+01   2.6488375000000001e+01
  -1.3524281000000000e+00  -1.8695755000000000e-01   1.2692315999999999e+00   4.8531189000000001e+00   8.2570326000000005e+00   1.7714884000000001e+01   2.7012256000000001e+01
  -7.1155394999999999e-01   7.7400491999999999e-01   2.4671254999999999e+00   6.2888269000000001e+00   9.9044968999999998e+00   1.9121289999999998e+01   2.7353660999999999e+01
  -1.0078363999999999e-01   1.7062885000000001e+00   3.6870802000000000e+00   7.6546025999999996e+00   1.1457360000000000e+01   2.0615991000000001e+01   2.7553795999999998e+01
   4.8181460999999998e-01   2.6103345000000000e+00   4.8843123000000004e+00   8.9297088999999996e+00   1.2870423000000001e+01   2.1770126999999999e+01   2.7793662999999999e+01
   1.0668276000000001e+00   3.5318084000000001e+00   6.0921336000000004e+00   1.0138413000000000e+01   1.4197293999999999e+01   2.3043040000000001e+01   2.8061489000000002e+01
   1.6689048000000000e+00   4.4182058000000000e+00   7.1885484999999996e+00   1.1233504000000000e+01   1.5323751000000000e+01   2.3953315000000000e+01   2.8513262999999998e+01
   2.2387853999999998e+00   5.2382007000000002e+00   8.1814988999999994e+00   1.2244764999999999e+01   1.6431287000000001e+01   2.4750067999999999e+01   2.8694267000000000e+01
   2.8258912000000000e+00   6.0385615000000001e+00   9.1400346999999993e+00   1.3279189000000001e+01   1.7482413000000001e+01   2.5266171000000000e+01   2.9287312000000000e+01
   3.4070404999999999e+00   6.8439962999999997e+00   1.0072317999999999e+01   1.4178602000000000e+01   1.8322963000000001e+01   2.5895795000000000e+01   2.9324100999999999e+01
   3.9579251000000002e+00   7.6249437999999996e+00   1.0998866000000000e+01   1.5061249000000000e+01   1.9054545999999998e+01   2.6164883000000000e+01   2.9116609000000000e+01
   4.4907795000000004e+00   8.3337529000000004e+00   1.1855482000000000e+01   1.5862052000000000e+01   1.9704142000000001e+01   2.6641043000000000e+01   2.9147511999999999e+01
   5.0031891000000002e+00   9.0099122000000005e+00   1.2629149000000000e+01   1.6609466999999999e+01   2.0355840000000001e+01   2.6905926999999998e+01   2.9101893000000000e+01
   5.4917730999999996e+00   9.6549659999999999e+00   1.3337517000000000e+01   1.7271947999999998e+01   2.0961988999999999e+01   2.6940614000000000e+01   2.8837009999999999e+01
   5.9991922000000004e+00   1.0320976999999999e+01   1.4097286000000000e+01   1.7922297000000000e+01   2.1513480000000001e+01   2.7097232000000002e+01   2.9082763000000000e+01
   6.4967912999999999e+00   1.0947279999999999e+01   1.4771901000000000e+01   1.8460577000000001e+01   2.2033787000000000e+01   2.7334786000000001e+01   2.9438884000000002e+01
   6.9749115000000002e+00   1.1517106999999999e+01   1.5412101000000000e+01   1.9000181000000001e+01   2.2555496000000002e+01   2.7496659000000001e+01   2.9694939000000002e+01
   7.4387040999999998e+00   1.2070608999999999e+01   1.6009284000000001e+01   1.9493016000000001e+01   2.3074401999999999e+01   2.7432541000000001e+01   2.9862698000000002e+01
   7.9119947000000002e+00   1.2595872999999999e+01   1.6561903000000001e+01   2.0004602999999999e+01   2.3499756999999999e+01   2.7516631000000000e+01   3.0134940000000000e+01
   8.3506739999999997e+00   1.3106356999999999e+01   1.7091580000000000e+01   2.0331541999999999e+01   2.3808087000000000e+01   2.7448308000000001e+01   3.0321829999999999e+01
   8.7851677000000006e+00   1.3607575000000001e+01   1.7572061000000001e+01   2.0737898999999999e+01   2.4055102000000002e+01   2.7631204000000000e+01   3.0573468999999999e+01
   9.2019532000000002e+00   1.4092468000000000e+01   1.8041952999999999e+01   2.1101237999999999e+01   2.4304569000000001e+01   2.7564983000000002e+01   3.0092264000000000e+01
   9.6137482999999992e+00   1.4512283000000000e+01   1.8459561000000001e+01   2.1462150999999999e+01   2.4595030000000001e+01   2.7610181000000001e+01   3.0230592000000001e+01
   9.9901269999999993e+00   1.4938053000000000e+01   1.8856432999999999e+01   2.1743424000000001e+01   2.4792290999999999e+01   2.7402058000000000e+01   3.0420425000000002e+01
   1.0373106000000000e+01   1.5324336000000001e+01   1.9247789000000001e+01   2.2044772999999999e+01   2.4883389000000001e+01   2.7693220000000000e+01   3.0367448000000000e+01
   1.0765905000000000e+01   1.5678189000000000e+01   1.9534576999999999e+01   2.2323177999999999e+01   2.5025991999999999e+01   2.7758389999999999e+01   3.0585242000000001e+01
   1.1115239000000001e+01   1.6016158000000001e+01   1.9769964999999999e+01   2.2577538000000001e+01   2.5124797000000001e+01   2.7928671999999999e+01   3.1128253000000001e+01
   1.1423360000000001e+01   1.6337140999999999e+01   2.0100213000000000e+01   2.2786892999999999e+01   2.5245677000000001e+01   2.7946541000000000e+01   3.1351932000000001e+01
   1.1760137000000000e+01   1.6663197000000000e+01   2.0375309000000001e+01   2.3030002000000000e+01   2.5394586000000000e+01   2.8047449000000000e+01   3.1435811999999999e+01
   1.2059566000000000e+01   1.6993666000000001e+01   2.0597238999999998e+01   2.3204502000000002e+01   2.5489538000000000e+01   2.8113669999999999e+01   3.1650663000000002e+01
   1.2382980999999999e+01   1.7292587999999999e+01   2.0837479999999999e+01   2.3358044000000000e+01   2.5606213000000000e+01   2.8399576000000000e+01   3.1285712000000000e+01
   1.2686113000000001e+01   1.7543196999999999e+01   2.1045071000000000e+01   2.3524602000000002e+01   2.5799969999999998e+01   2.8432161000000001e+01   3.1419625000000000e+01
   1.2967672000000000e+01   1.7819617000000001e+01   2.1230822000000000e+01   2.3672850000000000e+01   2.5979362999999999e+01   2.8430059000000000e+01   3.1793405000000000e+01
   1.3267101000000000e+01   1.8080594999999999e+01   2.1478783000000000e+01   2.3833672000000000e+01   2.6184683000000000e+01   2.8548836000000001e+01   3.2193674000000001e+01
   1.3570555000000001e+01   1.8333631000000000e+01   2.1705345999999999e+01   2.3992508999999998e+01   2.6227779000000002e+01   2.8533069000000001e+01   3.2540965999999997e+01
   1.3845997000000001e+01   1.8560855000000000e+01   2.1881610999999999e+01   2.4134359000000000e+01   2.6316072999999999e+01   2.8668664000000000e+01   3.2986853000000004e+01
   1.4078135000000000e+01   1.8759401000000000e+01   2.2047066000000001e+01   2.4267384000000000e+01   2.6467434999999998e+01   2.8981900000000000e+01   3.3435684000000002e+01
   1.4343757000000000e+01   1.8998539000000001e+01   2.2156707999999998e+01   2.4407910999999999e+01   2.6609337000000000e+01   2.9167949000000000e+01   3.3510733999999999e+01
   1.4591027000000000e+01   1.9221571999999998e+01   2.2314000000000000e+01   2.4566967999999999e+01   2.6644375000000000e+01   2.9468571000000001e+01   3.3475416000000003e+01
   1.4824131000000000e+01   1.9434899000000001e+01   2.2441510999999998e+01   2.4642195000000001e+01   2.6720406000000001e+01   2.9635700000000000e+01   3.3626987999999997e+01
   1.5081060000000001e+01   1.9629695000000002e+01   2.2613143000000001e+01   2.4840520000000001e+01   2.6811153000000001e+01   2.9818595999999999e+01   3.4214146999999997e+01
   1.5306274999999999e+01   1.9852948000000001e+01   2.2753668999999999e+01   2.4939352000000000e+01   2.6955158000000001e+01   3.0203308000000000e+01   3.4317157000000002e+01
   1.5512012000000000e+01   2.0028110000000002e+01   2.2881841000000001e+01   2.5075246000000000e+01   2.7036795000000001e+01   3.0500775999999998e+01   3.4926389999999998e+01
   1.5700523000000000e+01   2.0209890000000001e+01   2.3061415000000000e+01   2.5155546999999999e+01   2.7149616000000002e+01   3.0492367000000002e+01   3.6022714000000001e+01
   1.5924129000000001e+01   2.0371815000000002e+01   2.3226870000000002e+01   2.5314824999999999e+01   2.7331109999999999e+01   3.0624808999999999e+01   3.6967464999999997e+01
   1.6114411000000000e+01   2.0548521000000001e+01   2.3345776999999998e+01   2.5456675000000001e+01   2.7553248000000000e+01   3.0770916000000000e+01   3.7703252999999997e+01
   1.6313547000000000e+01   2.0750375999999999e+01   2.3519615000000002e+01   2.5580656000000001e+01   2.7660813000000001e+01   3.1091508999999999e+01   3.9039444000000003e+01
   1.6539085000000000e+01   2.0938112000000000e+01   2.3711102000000000e+01   2.5678605000000001e+01   2.7890308999999998e+01   3.1283864999999999e+01   4.0187272999999998e+01
   1.6759309999999999e+01   2.1085035999999999e+01   2.3777062999999998e+01   2.5746773000000001e+01   2.8038518000000000e+01   3.1387926000000000e+01   4.1204130999999997e+01
   1.6953778000000000e+01   2.1231739999999999e+01   2.3959945999999999e+01   2.5889945999999998e+01   2.8201091999999999e+01   3.1552952999999999e+01   4.2630088000000001e+01
   1.7148406000000001e+01   2.1346014000000000e+01   2.4144594000000001e+01   2.6038194000000001e+01   2.8386441000000001e+01   3.1769485000000000e+01   4.4144339000000002e+01
   1.7294578999999999e+01   2.1496468000000000e+01   2.4313137000000001e+01   2.6214459000000002e+01   2.8532547000000001e+01   3.2202548999999998e+01   4.6334043999999999e+01
   1.7445259000000000e+01   2.1686188999999999e+01   2.4450354000000001e+01   2.6401312000000001e+01   2.8693019000000000e+01   3.2526294999999998e+01   4.8208831000000004e+01
   1.7629746000000001e+01   2.1833113000000001e+01   2.4588234000000000e+01   2.6616403999999999e+01   2.8949142999999999e+01   3.2980381999999999e+01   5.0427967000000002e+01
   1.7805378999999999e+01   2.1952241000000001e+01   2.4699860999999999e+01   2.6777446999999999e+01   2.9201063000000001e+01   3.3635232999999999e+01   5.2851652000000001e+01
   1.7972961999999999e+01   2.2120784000000000e+01   2.4838401999999999e+01   2.6934076999999998e+01   2.9547584000000001e+01   3.4378379000000002e+01   5.5551994000000001e+01
   1.8143765999999999e+01   2.2255796000000000e+01   2.5006283000000000e+01   2.7134388000000001e+01   2.9862570999999999e+01   3.4871357000000003e+01   5.7647517000000001e+01
   1.8322939999999999e+01   2.2435369999999999e+01   2.5149898000000000e+01   2.7308447000000001e+01   3.0065788999999999e+01   3.5787937999999997e+01   6.0936489000000002e+01
   1.8460581000000001e+01   2.2527804000000000e+01   2.5336752000000001e+01   2.7453164999999998e+01   3.0404602000000001e+01   3.6357647999999998e+01   6.4543321000000006e+01
   1.8619954000000000e+01   2.2637225000000001e+01   2.5410875999999998e+01   2.7620605000000001e+01   3.0754276000000001e+01   3.7185935000000001e+01   6.8223731000000001e+01
   1.8768702000000001e+01   2.2772015000000000e+01   2.5594420000000000e+01   2.7788266000000000e+01   3.1061205000000001e+01   3.7878627000000002e+01   7.2316182999999995e+01
   1.8928719999999998e+01   2.2917836000000001e+01   2.5738696999999998e+01   2.7990562000000001e+01   3.1445917000000001e+01   3.8831997999999999e+01   7.7219472999999994e+01
   1.9061692000000001e+01   2.3026153999999998e+01   2.5894003999999999e+01   2.8206536000000000e+01   3.1903507000000001e+01   3.9996645000000001e+01   8.2427379000000002e+01
   1.9213820999999999e+01   2.3147487999999999e+01   2.5983570000000000e+01   2.8443247000000000e+01   3.2468662000000002e+01   4.1330523999999997e+01   8.7682374999999993e+01
   1.9367882000000002e+01   2.3269262999999999e+01   2.6088359000000001e+01   2.8765111999999998e+01   3.2960588999999999e+01   4.2277588000000002e+01   9.3827674000000002e+01
   1.9493127000000001e+01   2.3400523000000000e+01   2.6265284999999999e+01   2.9062930999999999e+01   3.3463026999999997e+01   4.3716579000000003e+01   1.0038648999999999e+02
   1.9652017000000001e+01   2.3514136000000001e+01   2.6382427000000000e+01   2.9337145000000000e+01   3.3985086000000003e+01   4.5210228000000001e+01   1.0736470000000000e+02
   1.9770823000000000e+01   2.3635690000000000e+01   2.6530453999999999e+01   2.9680630000000001e+01   3.4611907000000002e+01   4.6814245999999997e+01   1.1496391000000000e+02
   1.9871276000000002e+01   2.3751729000000001e+01   2.6661273999999999e+01   2.9964109000000001e+01   3.5181618000000000e+01   4.8133408000000003e+01   1.2374333000000000e+02
   1.9997164999999999e+01   2.3890270000000001e+01   2.6865335000000002e+01   3.0337596000000001e+01   3.5852235999999998e+01   4.9897196999999998e+01   1.3299366000000001e+02
   2.0110175000000002e+01   2.4047121000000001e+01   2.7010273999999999e+01   3.0648651000000001e+01   3.6473101000000000e+01   5.1660986000000001e+01   1.4303422000000000e+02
   2.0236225000000001e+01   2.4199560999999999e+01   2.7133151000000002e+01   3.0989930000000001e+01   3.7188566999999999e+01   5.3793720000000000e+01   1.5398420999999999e+02
   2.0367104999999999e+01   2.4305672000000001e+01   2.7233307000000000e+01   3.1325472999999999e+01   3.7961494999999999e+01   5.5905431000000000e+01   1.6572591000000000e+02
   2.0490901000000001e+01   2.4390384999999998e+01   2.7424572999999999e+01   3.1606967000000001e+01   3.8678012000000003e+01   5.8256799000000001e+01   1.7792380000000000e+02
   2.0592963999999998e+01   2.4507747999999999e+01   2.7585394999999998e+01   3.1876548000000000e+01   3.9378762000000002e+01   6.0653365000000001e+01   1.9094135000000000e+02
   2.0662831000000001e+01   2.4669011999999999e+01   2.7757027000000001e+01   3.2158923999999999e+01   4.0178319000000002e+01   6.3396802999999998e+01   2.0512734000000000e+02
   2.0723521000000002e+01   2.4774460999999999e+01   2.7943439999999999e+01   3.2478141999999998e+01   4.1008006999999999e+01   6.5712432000000007e+01   2.1972243000000000e+02
   2.0775680000000001e+01   2.4922930000000001e+01   2.8032565000000002e+01   3.2831113000000002e+01   4.1802658000000001e+01   6.8408569999999997e+01   2.3513570999999999e+02
   2.0812545000000000e+01   2.4993524000000001e+01   2.8188313000000001e+01   3.3146580000000000e+01   4.2685253000000003e+01   7.1052149999999997e+01   2.4994712000000001e+02
   2.0858103000000000e+01   2.5116181000000001e+01   2.8324427000000000e+01   3.3497565000000002e+01   4.3493918999999998e+01   7.3529652999999996e+01   2.6688495000000000e+02
   2.0895612000000000e+01   2.5220086999999999e+01   2.8528047000000001e+01   3.3797811000000003e+01   4.4362499999999997e+01   7.6159569000000005e+01   2.8118866000000003e+02
   2.0934087000000002e+01   2.5313845000000001e+01   2.8721298999999998e+01   3.4220492999999998e+01   4.5274876999999996e+01   7.8898802000000003e+01   2.9734656000000001e+02
   2.0922657000000001e+01   2.5384879999999999e+01   2.8886754000000000e+01   3.4521180000000001e+01   4.6163778999999998e+01   8.1750506000000001e+01   3.1037736000000001e+02
   2.0879996999999999e+01   2.5470033999999998e+01   2.9004557999999999e+01   3.4801791999999999e+01   4.6952123000000000e+01   8.4711526000000006e+01   3.1939076000000000e+02
   2.0832346000000001e+01   2.5538862999999999e+01   2.9152584999999998e+01   3.5084609000000000e+01   4.7703327000000002e+01   8.7137523999999999e+01   3.3193594000000002e+02
   2.0775036000000000e+01   2.5589603000000000e+01   2.9317819000000000e+01   3.5374265999999999e+01   4.8468547000000001e+01   8.9661276999999998e+01   3.3819013999999999e+02
   2.0682632000000002e+01   2.5629974000000001e+01   2.9419077000000001e+01   3.5635905000000001e+01   4.9146523000000002e+01   9.2343749000000003e+01   3.4183965000000001e+02
   2.0553201000000001e+01   2.5654461000000001e+01   2.9543278999999998e+01   3.5885410999999998e+01   4.9868296000000001e+01   9.4621538000000001e+01   3.3678478000000001e+02
   2.0410892000000000e+01   2.5639239000000000e+01   2.9656450000000000e+01   3.6091898999999998e+01   5.0549424999999999e+01   9.6566119999999998e+01   3.2027370999999999e+02
   2.0241537999999998e+01   2.5576367000000001e+01   2.9689540999999998e+01   3.6293975000000003e+01   5.1144011999999996e+01   9.8260535000000004e+01   3.0551380999999998e+02
   2.0049645999999999e+01   2.5508420000000001e+01   2.9730574000000001e+01   3.6482373000000003e+01   5.1718277000000000e+01   9.9900289999999998e+01   2.8653784000000002e+02
   1.9850992000000002e+01   2.5389071999999999e+01   2.9698585999999999e+01   3.6655769999999997e+01   5.2162553000000003e+01   1.0131721000000000e+02   2.6400065999999998e+02
   1.9589877999999999e+01   2.5271929000000000e+01   2.9706969000000001e+01   3.6739159000000001e+01   5.2382939000000000e+01   1.0256068999999999e+02   2.4119860000000000e+02
   1.9307673999999999e+01   2.5111768999999999e+01   2.9682261000000000e+01   3.6735408999999997e+01   5.2607529000000000e+01   1.0321449000000000e+02   2.1929714000000001e+02
   1.8993918000000001e+01   2.4914767000000001e+01   2.9600857000000001e+01   3.6707391999999999e+01   5.2710189000000000e+01   1.0315246999999999e+02   1.9776947000000001e+02
   1.8685313000000001e+01   2.4698792999999998e+01   2.9507760999999999e+01   3.6577896000000003e+01   5.2595967000000002e+01   1.0261640000000000e+02   1.7724099000000001e+02
   1.8342258000000001e+01   2.4406931000000000e+01   2.9264652999999999e+01   3.6432295000000003e+01   5.2279927999999998e+01   1.0133823000000000e+02   1.5829886999999999e+02
   1.7951872999999999e+01   2.4082419000000002e+01   2.9033456999999999e+01   3.6142198000000000e+01   5.1712321000000003e+01   9.9162400000000005e+01   1.4042364000000001e+02
   1.7548772000000000e+01   2.3686650000000000e+01   2.8768950000000000e+01   3.5753267999999998e+01   5.1090755000000001e+01   9.6363253000000000e+01   1.2410534000000000e+02
   1.7156455000000001e+01   2.3333680000000001e+01   2.8462085999999999e+01   3.5411990000000003e+01   5.0426794000000001e+01   9.2525593999999998e+01   1.0921741000000000e+02
   1.6742889999999999e+01   2.2942544000000002e+01   2.8109114999999999e+01   3.4946950999999999e+01   4.9561017000000000e+01   8.8060412999999997e+01   9.5539116000000007e+01
   1.6320630999999999e+01   2.2525818000000001e+01   2.7656210000000002e+01   3.4372931999999999e+01   4.8495175000000003e+01   8.3426000000000002e+01   8.2990992000000006e+01
   1.5842670999999999e+01   2.2024600000000000e+01   2.7065867000000001e+01   3.3628163999999998e+01   4.7269212000000003e+01   7.8065259999999995e+01   7.1559792999999999e+01
   1.5409627000000000e+01   2.2029453000000000e+01   2.7871521999999999e+01   3.5096742999999996e+01   5.0430998000000002e+01   7.2493243000000007e+01   6.0209530999999998e+01
   1.4882246000000000e+01   2.1209458999999999e+01   2.7941013000000002e+01   3.4336973999999998e+01   4.8319287000000003e+01   6.7754768999999996e+01   5.1181413999999997e+01
   1.5068180999999999e+01   2.1061211000000000e+01   2.6805992000000000e+01   3.2168852000000001e+01   4.5118608999999999e+01   5.9948059999999998e+01   4.3256979999999999e+01
   1.3966089999999999e+01   2.0130030000000001e+01   2.4767586999999999e+01   3.1399816999999999e+01   4.3043686999999998e+01   5.4054398999999997e+01   3.5295755000000000e+01
   1.3029650999999999e+01   1.9402690000000000e+01   2.4813914000000000e+01   2.9134408000000001e+01   3.8584811999999999e+01   4.8602209999999999e+01   2.7327172999999998e+01
   1.2468463000000000e+01   1.8151851000000001e+01   2.3544543999999998e+01   2.8536784000000001e+01   3.7451698999999998e+01   4.3459052999999997e+01   2.2596056999999998e+01
