   3.6438584059840495e-01   4.2218957985211547e-01   5.5165334107643504e-01   7.2541456613245492e-01   9.2494477538523556e-01   1.1414516464453763e+00   1.3287104905645903e+00
   3.6438584059840495e-01   4.2218957985211547e-01   5.5165334107643504e-01   7.2541456613245492e-01   9.2494477538523556e-01   1.1414516464453763e+00   1.3287104905645903e+00
   3.6306795686146431e-01   4.1819736486526643e-01   5.4982123970178387e-01   7.2394542970451914e-01   9.2357577532696866e-01   1.1393137428184703e+00   1.3159417768526984e+00
   3.6032297686485093e-01   4.1510947593301273e-01   5.4485015125190650e-01   7.2103264270304546e-01   9.2153264784248434e-01   1.1363926725940166e+00   1.3034353957570932e+00
   3.5780322692539751e-01   4.1070553087007389e-01   5.4083173208517810e-01   7.1808332293639243e-01   9.1917219624032187e-01   1.1324886162632477e+00   1.2896928954733544e+00
   3.5524622649565507e-01   4.0597215227581235e-01   5.3622180445530465e-01   7.1436656033098000e-01   9.1617134368400022e-01   1.1277328834218339e+00   1.2757502315505771e+00
   3.5172450636589359e-01   4.0061610991039520e-01   5.3029947627983076e-01   7.0967998313127745e-01   9.1250339886914444e-01   1.1221332072251877e+00   1.2615864910436965e+00
   3.4731184368636342e-01   3.9336352291416232e-01   5.2440878552013104e-01   7.0448257009405635e-01   9.0825142366333889e-01   1.1155553876803430e+00   1.2471274159403274e+00
   3.4364992967412511e-01   3.8648355077675289e-01   5.1816894370496269e-01   6.9835847093377124e-01   9.0335498736786135e-01   1.1081381259398639e+00   1.2315725908266171e+00
   3.3634125875398235e-01   3.7791658081185020e-01   5.0850931257519727e-01   6.9068613954413838e-01   8.9764529310728558e-01   1.0999276038641668e+00   1.2159834796599462e+00
   3.3067979183143831e-01   3.7532067191345347e-01   5.0229033425931480e-01   6.8401842538285018e-01   8.9027099882904759e-01   1.0932848508670583e+00   1.2079765932005770e+00
   3.2499043846391940e-01   3.6842638315435955e-01   4.9416478868529262e-01   6.7617877944765870e-01   8.8296141649904636e-01   1.0840696907036298e+00   1.1923578743595349e+00
   3.1881589575654262e-01   3.6095267670089592e-01   4.8525491336778687e-01   6.6746893441113009e-01   8.7481465202246955e-01   1.0741949341113859e+00   1.1764452724459320e+00
   3.1210248915574390e-01   3.5274309254338987e-01   4.7495828428664955e-01   6.5793752338225542e-01   8.6568596856767199e-01   1.0637294704810283e+00   1.1601596820018998e+00
   3.0556688513276586e-01   3.4479795998246943e-01   4.6459030652947286e-01   6.4784012266726876e-01   8.5582698784240230e-01   1.0525544483588185e+00   1.1432905832315339e+00
   2.9871034514033684e-01   3.3663561571838219e-01   4.5397935067414302e-01   6.3678154048631508e-01   8.4516478858998023e-01   1.0406006062660873e+00   1.1259457410560154e+00
   2.9008080482042581e-01   3.2798507338077959e-01   4.4208947515238073e-01   6.2498267548933606e-01   8.3411488011219592e-01   1.0279830593449613e+00   1.1081632717211320e+00
   2.8254822379890659e-01   3.1809075037864160e-01   4.2949877927760449e-01   6.1226750741165048e-01   8.2204846811429255e-01   1.0146759797146281e+00   1.0892966783660558e+00
   2.7511889785856869e-01   3.0662018978892863e-01   4.1596694266937728e-01   5.9901291098002318e-01   8.0913539189232997e-01   1.0004944891318246e+00   1.0697028803356539e+00
   2.6735670850978283e-01   2.9590092120625133e-01   4.0231475292330787e-01   5.8437552973882545e-01   7.9561970166347318e-01   9.8552518797839628e-01   1.0493726918937980e+00
   2.5952403507068322e-01   2.8303174175037410e-01   3.8610254509392711e-01   5.6922875079937296e-01   7.8135629012527719e-01   9.6993294175403999e-01   1.0283303927301319e+00
   2.5097849634539038e-01   2.7024518954325338e-01   3.6955114983859783e-01   5.5311415763760030e-01   7.6544450528000652e-01   9.5331929173638630e-01   1.0063520489305202e+00
   2.4300833870101143e-01   2.5703531816226299e-01   3.5313530691452655e-01   5.3491998490035864e-01   7.4921705820278939e-01   9.3618700214750850e-01   9.8361580416227035e-01
   2.3326600983067103e-01   2.4337469849686935e-01   3.3440560563716887e-01   5.1653841349534180e-01   7.3172489811480246e-01   9.1755167774000490e-01   9.5986292537638607e-01
   2.2364126958393291e-01   2.2890275409145436e-01   3.1531410462909143e-01   4.9769740787056693e-01   7.1380577205099338e-01   8.9793359023782870e-01   9.3498648632344816e-01
   2.1298295514241847e-01   2.1471050064683897e-01   2.9595536681847656e-01   4.7786350465393451e-01   6.9493424628978373e-01   8.7726888380716461e-01   9.0911529551890147e-01
   2.0208259577585308e-01   1.9939662455955975e-01   2.7666019611629533e-01   4.5781014492560163e-01   6.7490023164680901e-01   8.5642306078138597e-01   8.8285188503215339e-01
   1.9195022396185438e-01   1.8404611051082123e-01   2.5601798959649547e-01   4.3631242590838643e-01   6.5473558997178227e-01   8.3452546833972563e-01   8.5538172905201315e-01
   1.8122281135585533e-01   1.6729518080151787e-01   2.3466793926282498e-01   4.1378226433975102e-01   6.3279307817793373e-01   8.1121805610339026e-01   8.2648039743662038e-01
   1.6886897961535055e-01   1.5125449945965716e-01   2.1245511406449180e-01   3.9039802480637148e-01   6.1183584906700550e-01   7.8765475052678890e-01   7.9693596368969688e-01
   1.5741813079274514e-01   1.3435923045278200e-01   1.8959119136812286e-01   3.6690739068079198e-01   5.8800262067517262e-01   7.6279821242022772e-01   7.6600168402087354e-01
   1.4503355567801743e-01   1.1864559674741203e-01   1.6981761288592612e-01   3.4195421251145042e-01   5.6466032082726170e-01   7.3700026192764267e-01   7.3482166887439404e-01
   1.3336057316017266e-01   1.0033923077025229e-01   1.4831020933590788e-01   3.1618612811928198e-01   5.4115858817140428e-01   7.0974188515715653e-01   7.0188198284003933e-01
   1.2094549158454664e-01   8.0486605076407328e-02   1.2523644877644288e-01   2.9145102701664483e-01   5.1540813081024595e-01   6.8070069500287622e-01   6.6990371833156992e-01
   1.0853656183992809e-01   6.2889498148383349e-02   1.0454350958131749e-01   2.6374887096412941e-01   4.9004850792968008e-01   6.5353665865032495e-01   6.3893536745008606e-01
   9.6727519016148844e-02   4.6167482630264461e-02   8.4681771832684063e-02   2.3727636038406549e-01   4.6363344252366007e-01   6.2406191960722568e-01   6.0808348281357716e-01
   8.4574034945045312e-02   2.7616423952569261e-02   6.4285690892214184e-02   2.0915434410385819e-01   4.3679157064864010e-01   5.9268613685888794e-01   5.7790936591459641e-01
   7.2744631817424424e-02   7.3841305645692221e-03   4.0689770918685267e-02   1.7924373302824839e-01   4.1048499322596271e-01   5.6115590521411818e-01   5.4864964649904779e-01
   6.0488779681386072e-02  -1.1620080988032938e-02   2.1251339534082134e-02   1.5069860777090649e-01   3.8058476220870846e-01   5.2904759689279912e-01   5.1915151110492941e-01
   4.7224340776580109e-02  -2.8821015396520763e-02   2.3421949706034784e-03   1.2537923623396652e-01   3.5460010398439695e-01   4.9919303112501900e-01   4.9158342122771520e-01
   3.8033396090256300e-02  -4.4674584966030086e-02  -1.6408486240016406e-02   1.0087149905987253e-01   3.2627508354412510e-01   4.6872465790395923e-01   4.6526185258122260e-01
   2.5340004435853245e-02  -6.0977108036650123e-02  -3.4180069304807312e-02   7.4447370070204494e-02   2.9801374903741157e-01   4.3848952881139652e-01   4.4085827771334862e-01
   1.4232339832195753e-02  -7.8568992049894509e-02  -4.9751092082174590e-02   4.9941703437989066e-02   2.6842884970094599e-01   4.0907469889217041e-01   4.1914770038263971e-01
   1.3847122567011701e-03  -9.1389779884701122e-02  -6.6128843506743293e-02   2.8416104668022666e-02   2.4232574372851751e-01   3.8398092698275804e-01   4.0155069529629872e-01
  -1.2584167195407380e-02  -1.0273239717978269e-01  -8.1748506871546042e-02   4.9481743646428832e-03   2.1395649481468429e-01   3.5982260098119323e-01   3.8034500466447441e-01
  -2.4976156681461029e-02  -1.1597722380525602e-01  -9.7626779339118008e-02  -1.0191212513148940e-02   1.8569144861843115e-01   3.3676749446729110e-01   3.5546652853808186e-01
  -3.8493357865160366e-02  -1.2784725879094300e-01  -1.1083689547038511e-01  -2.8804157362639318e-02   1.6166426410661991e-01   3.1703617614965551e-01   3.3010091998030383e-01
  -4.8197306203613184e-02  -1.4175428682643246e-01  -1.2469769749352266e-01  -4.4493468688665182e-02   1.3534046228821306e-01   2.9981319755299279e-01   3.0915849112948640e-01
  -5.9382850315669457e-02  -1.5095062912349794e-01  -1.3699318137382371e-01  -5.6027930275562646e-02   1.1499136546959288e-01   2.8368833727416554e-01   2.8780982648836223e-01
  -7.2632866976828372e-02  -1.6350110558392222e-01  -1.4876918172365675e-01  -6.6501496707034327e-02   9.4702595330098019e-02   2.6626661400446261e-01   2.6340043564656351e-01
  -8.3214421431410099e-02  -1.7444621341451907e-01  -1.5822839318134385e-01  -8.0470035343341281e-02   7.7072507906329663e-02   2.4615826846061592e-01   2.4334991068063996e-01
  -9.3242059809978392e-02  -1.8494807027542784e-01  -1.6679748159583013e-01  -9.1228578912656774e-02   5.7492867827907579e-02   2.2929086402998539e-01   2.2198232723196989e-01
  -1.0255620702650663e-01  -1.9510055136574303e-01  -1.7496280704367781e-01  -1.0020150536637125e-01   4.4219287129504230e-02   2.1271843141343350e-01   1.9606010412000088e-01
  -1.1287355593357155e-01  -2.0356900011767054e-01  -1.8809747429229223e-01  -1.0867997948356568e-01   3.3935773818487676e-02   1.9619018210601760e-01   1.6307999353542699e-01
  -1.2245414528600483e-01  -2.1367865978243938e-01  -1.9561789523679296e-01  -1.1693100489849795e-01   1.4046427019996297e-02   1.7498405767286351e-01   1.2024490718427944e-01
  -1.3076610348061865e-01  -2.2163081148459027e-01  -2.0523164046325851e-01  -1.2387302391216172e-01   3.9739939091003240e-03   1.5697532985371285e-01   7.4662009842555666e-02
  -1.3576551085714095e-01  -2.2900519958915408e-01  -2.1089110985819873e-01  -1.3345102341097800e-01  -9.4786702481383274e-03   1.3926147175965742e-01   2.6232665850284265e-02
  -1.4141817399959161e-01  -2.3660699030787433e-01  -2.1727022034945781e-01  -1.4176530066728879e-01  -1.8943909867233273e-02   1.1797856726189179e-01  -1.5434238693186927e-02
  -1.4937443885009014e-01  -2.4160121065428972e-01  -2.2400947950284478e-01  -1.4910687536786976e-01  -3.3908064728099152e-02   1.0349300605371145e-01  -6.3723444625859771e-02
  -1.5729223294773578e-01  -2.4914078372558138e-01  -2.2962941068967427e-01  -1.5472349865456092e-01  -4.9866639366772679e-02   7.5167847465914678e-02  -1.2343365208800780e-01
  -1.6413531245570845e-01  -2.5343851789345107e-01  -2.3598665930914997e-01  -1.6315278995777324e-01  -6.0068444671133127e-02   5.2774434255153088e-02  -1.7021293414297670e-01
  -1.7285359201946365e-01  -2.5829656502473247e-01  -2.4434744411476672e-01  -1.6686010441467120e-01  -7.9279599964842726e-02   2.7025577178223126e-02  -2.1693519392544852e-01
  -1.8122907923110418e-01  -2.6374245884419645e-01  -2.5257501379764108e-01  -1.7568299035763296e-01  -9.5632829741701661e-02  -1.8765868460918053e-03  -2.6342983958067662e-01
  -1.9096139563215175e-01  -2.6731069775914057e-01  -2.5794172881172478e-01  -1.8113829257771683e-01  -1.1121428264181576e-01  -3.1172680079649719e-02  -3.0778480846582856e-01
  -1.9500593075264216e-01  -2.7221662137814490e-01  -2.6232156601509932e-01  -1.8744267000990342e-01  -1.2800791575876316e-01  -6.3985689453068914e-02  -3.4984624804644460e-01
  -2.0029915128280623e-01  -2.7622077210405394e-01  -2.6762682868332360e-01  -1.9630073103048107e-01  -1.3764424689385463e-01  -9.6934943861551062e-02  -3.8871664313410198e-01
  -2.0618969248866462e-01  -2.8291252376163489e-01  -2.7222344949272920e-01  -2.0251849924126517e-01  -1.4847763272197192e-01  -1.3190311734548962e-01  -4.2657162376290259e-01
  -2.1266360916630853e-01  -2.8771799116696894e-01  -2.7737694961013259e-01  -2.0908769173704428e-01  -1.6164726055925513e-01  -1.6842132153588460e-01  -4.6414469068834002e-01
  -2.2050177917245220e-01  -2.9204264228455856e-01  -2.8561718348264248e-01  -2.1845230479702768e-01  -1.7832174600231351e-01  -2.0628866448733707e-01  -5.0140744418281169e-01
  -2.2746981804471506e-01  -2.9731429833085316e-01  -2.9133287312984690e-01  -2.2741219396859466e-01  -1.9000912456126162e-01  -2.4243725287796652e-01  -5.3809426625540657e-01
  -2.3146263100290049e-01  -3.0054550504728317e-01  -2.9742985099222741e-01  -2.3778050690559396e-01  -2.0889056956055566e-01  -2.7734795210061303e-01  -5.7176503141263169e-01
  -2.3517360825088271e-01  -3.0468396462389002e-01  -3.0263125762137522e-01  -2.4574502414793442e-01  -2.2652853145194987e-01  -3.1252582084745484e-01  -6.0554553372484077e-01
  -2.3856392696836906e-01  -3.0924790323032286e-01  -3.0845423052590498e-01  -2.5577038541765518e-01  -2.4292576495607091e-01  -3.4752665656577936e-01  -6.3822126209499508e-01
  -2.4253473696646830e-01  -3.1460489045819323e-01  -3.1202041803933489e-01  -2.6526564838381372e-01  -2.6065801712478998e-01  -3.8096652443754286e-01  -6.7012646018474087e-01
  -2.4495369530719613e-01  -3.1866233410215861e-01  -3.1905466751189415e-01  -2.7692825863478304e-01  -2.7927979280176995e-01  -4.1371204968911951e-01  -7.0098875116824955e-01
  -2.4888553194339097e-01  -3.2227532572017970e-01  -3.2589641777917855e-01  -2.9043474846928902e-01  -3.0219717246018668e-01  -4.4366452665191358e-01  -7.3143254961166926e-01
  -2.5199461567729897e-01  -3.2737584214775450e-01  -3.3217137344503400e-01  -3.0308363713056746e-01  -3.2436979148640860e-01  -4.7491882005692249e-01  -7.6136320811017255e-01
  -2.5625868439112787e-01  -3.2927666417342599e-01  -3.3883925719556351e-01  -3.1298291033399861e-01  -3.4906324375014269e-01  -5.0449328205207877e-01  -7.8982359814343650e-01
  -2.6182138098806390e-01  -3.3528317857883999e-01  -3.4790612538123561e-01  -3.2630812872308379e-01  -3.7310988072641016e-01  -5.3302720526732517e-01  -8.1788370340743810e-01
  -2.6482356904199372e-01  -3.4006107610414499e-01  -3.5399725971340584e-01  -3.3944288559117802e-01  -3.9542399527810379e-01  -5.5992465400120284e-01  -8.4554227158384432e-01
  -2.7046983521937001e-01  -3.4606788912146386e-01  -3.6152307315042553e-01  -3.5234614522503266e-01  -4.1782494327751840e-01  -5.8691082287972873e-01  -8.7217857795320841e-01
  -2.7687097939221611e-01  -3.5216905391300307e-01  -3.6970873193130943e-01  -3.6565268545997154e-01  -4.3953090368222208e-01  -6.1258734728979847e-01  -8.9825923694888410e-01
  -2.8031542425853284e-01  -3.5794362196626078e-01  -3.7953364852892257e-01  -3.8262868863729654e-01  -4.6167168545606846e-01  -6.3770119730047625e-01  -9.2402326209519348e-01
  -2.8457414852362711e-01  -3.6254969231915607e-01  -3.8705077420641959e-01  -3.9788893023751304e-01  -4.8257813357244211e-01  -6.6237556409946363e-01  -9.4929083970798545e-01
  -2.9033950843797257e-01  -3.6653260626276363e-01  -3.9761876699585547e-01  -4.1305561712884487e-01  -5.0332335061860289e-01  -6.8664098039346821e-01  -9.7384541756843890e-01
  -2.9311288885075498e-01  -3.7439061088626741e-01  -4.0593024116043153e-01  -4.2823287314878516e-01  -5.2441481190542749e-01  -7.1065774651672320e-01  -9.9811416360083116e-01
  -2.9964057044423903e-01  -3.8131516322479048e-01  -4.1415334985313967e-01  -4.4215908698182954e-01  -5.4395368182040871e-01  -7.3429584462357322e-01  -1.0219402410610845e+00
  -3.0412930310491088e-01  -3.8573669551438561e-01  -4.2453473902029898e-01  -4.5581958826637659e-01  -5.6378921011342875e-01  -7.5648228188646904e-01  -1.0452973299337294e+00
  -3.0892059845087150e-01  -3.9177115492543846e-01  -4.3442238740672684e-01  -4.7253690610883464e-01  -5.8353900304057005e-01  -7.7829162506501182e-01  -1.0684678637184648e+00
  -3.1295046612563299e-01  -3.9466536622716142e-01  -4.4286920218564474e-01  -4.8732055106212169e-01  -6.0316684615303429e-01  -8.0020942649739790e-01  -1.0910760594326496e+00
  -3.1676068107905259e-01  -4.0063115195069315e-01  -4.5258215082380093e-01  -5.0227767459682671e-01  -6.2262448697249706e-01  -8.2113159273734893e-01  -1.1133223792525562e+00
  -3.1979988451458774e-01  -4.0493954844849611e-01  -4.6288491194898845e-01  -5.1824705381298031e-01  -6.4262996281034934e-01  -8.4147192786960312e-01  -1.1351883022409448e+00
  -3.2178872455937635e-01  -4.0892769626336045e-01  -4.7276345227426336e-01  -5.3459929682268559e-01  -6.6168806241481937e-01  -8.6135449696525701e-01  -1.1566409538830935e+00
  -3.2596998378758607e-01  -4.1302663584543647e-01  -4.8149391119805202e-01  -5.4844278261024870e-01  -6.8023451346132424e-01  -8.8086810231531776e-01  -1.1777069934916040e+00
  -3.2760598972281169e-01  -4.1833598748246453e-01  -4.9091927981274880e-01  -5.6329607415658678e-01  -6.9869963134949764e-01  -8.9949397095422534e-01  -1.1982436416694342e+00
  -3.2887403135048049e-01  -4.2442731255914490e-01  -4.9967891917782159e-01  -5.7737910285428684e-01  -7.1643818498107281e-01  -9.1750325850622250e-01  -1.2183791518248634e+00
  -3.3349893082340398e-01  -4.2790367555077963e-01  -5.1042424930202313e-01  -5.9220207530855951e-01  -7.3372306628391226e-01  -9.3496633231353399e-01  -1.2378327847033566e+00
  -3.3793499477664585e-01  -4.3246868865828070e-01  -5.1986903817335495e-01  -6.0650264203927517e-01  -7.5013172445563403e-01  -9.5202827627879916e-01  -1.2566156790807086e+00
  -3.4101755511193238e-01  -4.3751901981213948e-01  -5.2915063491314063e-01  -6.2077578245320597e-01  -7.6659641321829153e-01  -9.6820858798434939e-01  -1.2746031418251849e+00
  -3.4203814436554741e-01  -4.4213917568485062e-01  -5.3772456529695112e-01  -6.3393579376499765e-01  -7.8210802720025652e-01  -9.8439349248560015e-01  -1.2916803580582121e+00
  -3.4309156810505181e-01  -4.4819749959665894e-01  -5.4707390519571930e-01  -6.4740244088581556e-01  -7.9656758074555867e-01  -9.9931615085835968e-01  -1.3078006064968861e+00
  -3.4470306905163972e-01  -4.5356076437556381e-01  -5.5544132848089833e-01  -6.6002943845609330e-01  -8.1113642585068013e-01  -1.0140119908435172e+00  -1.3227139790966342e+00
  -3.4582010460144441e-01  -4.5903605573770268e-01  -5.6262884201452690e-01  -6.7050245271909870e-01  -8.2431402679790067e-01  -1.0279209347099465e+00  -1.3364469331718369e+00
  -3.4686474642356918e-01  -4.6316229028823108e-01  -5.6972597810751391e-01  -6.8059945662582433e-01  -8.3706872515056840e-01  -1.0411923608500901e+00  -1.3489113520381133e+00
  -3.4717741303215055e-01  -4.6957128048752356e-01  -5.7732048597729868e-01  -6.9068086595805900e-01  -8.4894748620556870e-01  -1.0536466684895041e+00  -1.3600671561545161e+00
  -3.4711143799649435e-01  -4.7203953885600547e-01  -5.9054975665642573e-01  -7.0685355821020601e-01  -8.6188333552413954e-01  -1.0653913807545208e+00  -1.3711820605249327e+00
  -3.4940291893632719e-01  -4.8252793484679596e-01  -5.9290527979471819e-01  -7.1206640296063761e-01  -8.7358228500416502e-01  -1.0776635506541086e+00  -1.3805018239725071e+00
  -3.4876847972575820e-01  -4.8467574074497677e-01  -5.9770371839537384e-01  -7.1874328537681975e-01  -8.8300545807724717e-01  -1.0882901845016995e+00  -1.3882686425163702e+00
  -3.4998546706542361e-01  -4.9129856900063262e-01  -6.0153804317615978e-01  -7.2693559669756436e-01  -8.9253331217901699e-01  -1.0982493592515115e+00  -1.3948856834425205e+00
  -3.5468843663783495e-01  -4.9518997666354964e-01  -6.0704825550642938e-01  -7.3297119537701361e-01  -9.0050773858807986e-01  -1.1070752482222388e+00  -1.4002272473123933e+00
  -3.5709020194191721e-01  -4.9898710888862358e-01  -6.1250688117167995e-01  -7.4135710759644002e-01  -9.0834859508694588e-01  -1.1152607093940188e+00  -1.4043271930659362e+00
  -3.5947889325454641e-01  -5.0498861247608362e-01  -6.1704499310048910e-01  -7.4949960214949352e-01  -9.1498800071296948e-01  -1.1225596506243525e+00  -1.4072342381336624e+00
  -3.6311671981552213e-01  -5.0755483868170204e-01  -6.2085021623597036e-01  -7.5574429392102915e-01  -9.2223705849788062e-01  -1.1292118060545429e+00  -1.4088983094327987e+00
  -3.6341121193546300e-01  -5.0742164552399460e-01  -6.2479658957569528e-01  -7.6013521874258072e-01  -9.2845785111601331e-01  -1.1347048781662239e+00  -1.4092083362156616e+00
  -3.6335586997192859e-01  -5.0930770094176081e-01  -6.2683759691027863e-01  -7.6590912674757650e-01  -9.3417268871008674e-01  -1.1396286777555382e+00  -1.4091070240376222e+00
  -3.6213791661858646e-01  -5.1011901954266436e-01  -6.2959056241319833e-01  -7.6928711918935699e-01  -9.3889051741014529e-01  -1.1435447736854394e+00  -1.4087928079628513e+00
  -3.6118965725527363e-01  -5.1006949454968808e-01  -6.3206931516827636e-01  -7.7178779501519446e-01  -9.4342518387640251e-01  -1.1464399931907592e+00  -1.4080117807529655e+00
  -3.6093717758323113e-01  -5.1052487984026451e-01  -6.3520706334056642e-01  -7.7570624910797614e-01  -9.4709704731617073e-01  -1.1484235068789532e+00  -1.4063912702343255e+00
  -3.6093717758323113e-01  -5.1050839387605973e-01  -6.3566622132103578e-01  -7.7847707658194676e-01  -9.4943147822457230e-01  -1.1494213372394135e+00  -1.4036219956535725e+00
  -3.6000998870501194e-01  -5.0988174950567511e-01  -6.3608946789085186e-01  -7.7990708311297197e-01  -9.5112616764094537e-01  -1.1494672555059524e+00  -1.3993926222518782e+00
  -3.6015788849127595e-01  -5.0883685019779956e-01  -6.3591853163665513e-01  -7.8185029732543432e-01  -9.5256655252136413e-01  -1.1496846862116701e+00  -1.3936262397743899e+00
  -3.6023180469833288e-01  -5.0880336119263014e-01  -6.3574711622717484e-01  -7.8241169774354447e-01  -9.5253746318295329e-01  -1.1500614784794123e+00  -1.3863225973092022e+00
  -3.5896114471256185e-01  -5.0753038122898197e-01  -6.3493287026302891e-01  -7.8205130122238731e-01  -9.5242241132281502e-01  -1.1505013491275911e+00  -1.3775552115223404e+00
  -3.5955356024300766e-01  -5.0741177419686379e-01  -6.3437364383862749e-01  -7.8161570399001490e-01  -9.5221610603659501e-01  -1.1508072949029493e+00  -1.3674085686112309e+00
  -3.5804813775166655e-01  -5.0591913961105350e-01  -6.3311563897242706e-01  -7.8075096092426022e-01  -9.5184557451563179e-01  -1.1508014250374012e+00  -1.3562289555385920e+00
  -3.5641425019209449e-01  -5.0425174042966203e-01  -6.3122847381447955e-01  -7.7946177244499171e-01  -9.5116983329620419e-01  -1.1502488706513385e+00  -1.3440327831882266e+00
  -3.5493787624122802e-01  -5.0125124227252305e-01  -6.2912041676245467e-01  -7.7764400664513533e-01  -9.5020490869839802e-01  -1.1490005921442741e+00  -1.3310526796000632e+00
  -3.5143324064439468e-01  -4.9808168213390897e-01  -6.2648394575178734e-01  -7.7536544497723814e-01  -9.4881111102136717e-01  -1.1469103862273105e+00  -1.3176082397833122e+00
  -3.4892833185101463e-01  -4.9324322483352045e-01  -6.2339171888929656e-01  -7.7265995530723153e-01  -9.4685125570360074e-01  -1.1439080607117029e+00  -1.3038295084650278e+00
  -3.4629563384814921e-01  -4.8896574790489861e-01  -6.2072281474144186e-01  -7.6953887684103350e-01  -9.4442799513090092e-01  -1.1399095851432393e+00  -1.2886373697147646e+00
  -3.5571517760740745e-01  -4.8328320353486165e-01  -6.1669113150520194e-01  -7.6677317333821682e-01  -9.4094066967151102e-01  -1.1351204292874015e+00  -1.2741261127564756e+00
  -3.4316648202154459e-01  -4.7945895748031608e-01  -6.0918984236209128e-01  -7.6046548485954990e-01  -9.3698334510460601e-01  -1.1301500724002222e+00  -1.2673600308778736e+00
  -3.3913655609503601e-01  -4.7447598853228562e-01  -6.0367561346829024e-01  -7.5544892596707769e-01  -9.3243577895217533e-01  -1.1238455877212548e+00  -1.2525776487151608e+00
  -3.3426890496339029e-01  -4.6898508493440549e-01  -5.9746364888027570e-01  -7.4956161343136218e-01  -9.2714983860393207e-01  -1.1167298868925646e+00  -1.2376454565167387e+00
  -3.2928535585979446e-01  -4.6295006061707078e-01  -5.9091573161357325e-01  -7.4301282874342300e-01  -9.2101118377766866e-01  -1.1088417934787826e+00  -1.2224404808563496e+00
  -3.2550547580297262e-01  -4.5644971657589867e-01  -5.8298199958126773e-01  -7.3578374282191883e-01  -9.1398224504140424e-01  -1.1001787215515919e+00  -1.2070379011896366e+00
  -3.1980201918333478e-01  -4.4992099107512584e-01  -5.7439943034848295e-01  -7.2745897387099079e-01  -9.0631951877036876e-01  -1.0906996597187129e+00  -1.1912279304702260e+00
  -3.1404287490140442e-01  -4.4254991180760606e-01  -5.6528577337611252e-01  -7.1868057453140610e-01  -8.9777928338290158e-01  -1.0805311559354953e+00  -1.1748008515444985e+00
  -3.0802718891919251e-01  -4.3449109000189734e-01  -5.5524890408398753e-01  -7.0892163737188030e-01  -8.8858734526715721e-01  -1.0695278277690685e+00  -1.1580509244672788e+00
  -3.0224964932647569e-01  -4.2568476762097840e-01  -5.4446541968170192e-01  -6.9826212977728563e-01  -8.7854419659364946e-01  -1.0580674199140223e+00  -1.1407561530770867e+00
  -2.9592725545200121e-01  -4.1621436859975053e-01  -5.3272377225397261e-01  -6.8678735403141855e-01  -8.6774184772327789e-01  -1.0457971479405206e+00  -1.1225856013949669e+00
  -2.8937297603722545e-01  -4.0640620299278213e-01  -5.2028959382656259e-01  -6.7433775781845839e-01  -8.5613847656897868e-01  -1.0328203241999010e+00  -1.1043401666887718e+00
  -2.8176883628420468e-01  -3.9589860964808143e-01  -5.0694504507932292e-01  -6.6113242157338137e-01  -8.4370576638632122e-01  -1.0190960488165450e+00  -1.0850519268014291e+00
  -2.7425189623511348e-01  -3.8415125133802253e-01  -4.9303557724737623e-01  -6.4704346712228444e-01  -8.3055053253480637e-01  -1.0044443724917256e+00  -1.0649547422727847e+00
  -2.6653852773400677e-01  -3.7291309671548084e-01  -4.7828797634163250e-01  -6.3255149600134020e-01  -8.1636373379747784e-01  -9.8903342591567500e-01  -1.0437540247510915e+00
  -2.5904899774504170e-01  -3.6060950514338524e-01  -4.6146023418782939e-01  -6.1667491974420874e-01  -8.0123039016767494e-01  -9.7278597455636062e-01  -1.0219703843843575e+00
  -2.5001889775053121e-01  -3.4716870456225307e-01  -4.4515886109768515e-01  -6.0026073544998360e-01  -7.8581117144241153e-01  -9.5564853449561071e-01  -9.9851575048024344e-01
  -2.4070914941481322e-01  -3.3257354510095499e-01  -4.2788834187442432e-01  -5.8270216094268368e-01  -7.6918165232122970e-01  -9.3786515534611925e-01  -9.7461548294948930e-01
  -2.3115788789113334e-01  -3.1831322491561975e-01  -4.0967820960180851e-01  -5.6388495936464478e-01  -7.5145691108094625e-01  -9.1900240207751449e-01  -9.4966992063835531e-01
  -2.2175514510826780e-01  -3.0331364327367660e-01  -3.9097400443774483e-01  -5.4349136006287413e-01  -7.3279391128985871e-01  -8.9934620284030919e-01  -9.2328502819505442e-01
  -2.1259285757571375e-01  -2.8854622269208569e-01  -3.7107998066267933e-01  -5.2249749553257385e-01  -7.1362807134779471e-01  -8.7848227034205650e-01  -8.9511164110162555e-01
  -2.0326958926945396e-01  -2.7227465013170093e-01  -3.4930726012793922e-01  -5.0049490563574617e-01  -6.9250954410323540e-01  -8.5578644727643816e-01  -8.6634839717509171e-01
  -1.9275052313681512e-01  -2.5680921100081960e-01  -3.2593794139901638e-01  -4.7786381989471388e-01  -6.7028949304249252e-01  -8.3262791916292089e-01  -8.3479760196817632e-01
  -1.8305281835304174e-01  -2.3972328133210055e-01  -3.0230329025943087e-01  -4.5405458623210854e-01  -6.4698071216504027e-01  -8.0761645571533858e-01  -8.0236622078973507e-01
  -1.7156313873908396e-01  -2.2328235084655038e-01  -2.7821570915790428e-01  -4.2792286576218869e-01  -6.2321805998318802e-01  -7.8217081503941466e-01  -7.6881306784214709e-01
  -1.6115113115342133e-01  -2.0386771863398126e-01  -2.5483994472750016e-01  -3.9982987528413522e-01  -5.9894717343855020e-01  -7.5544878194701326e-01  -7.3325366676464576e-01
  -1.5016841415138898e-01  -1.8580393994456443e-01  -2.2795771363718353e-01  -3.7335699448450804e-01  -5.7284023899533265e-01  -7.2724266699223605e-01  -6.9703659874611090e-01
  -1.3923301828187210e-01  -1.6902076987367354e-01  -1.9994671393780028e-01  -3.4403212389944832e-01  -5.4482994365721271e-01  -6.9796120009195417e-01  -6.5951237845568678e-01
  -1.2804093115614365e-01  -1.5106644027085769e-01  -1.7206438003329461e-01  -3.1403448895636882e-01  -5.1523961953543862e-01  -6.6668015556094262e-01  -6.2000056912673851e-01
  -1.1635127648794173e-01  -1.2979927762307431e-01  -1.4331365684490066e-01  -2.8144580993527107e-01  -4.8543740951394559e-01  -6.3445439092557709e-01  -5.7980753452637890e-01
  -1.0493218398980969e-01  -1.1196200826299772e-01  -1.1516907299542310e-01  -2.4932660419670846e-01  -4.5379361894652404e-01  -6.0077636541546142e-01  -5.3916263096709982e-01
  -9.2842518406439312e-02  -9.1545806144330708e-02  -8.7014667113873789e-02  -2.1415116814685292e-01  -4.1733083855658104e-01  -5.6574334998811904e-01  -4.9814743370007492e-01
  -8.0468720578925429e-02  -7.3716743608323060e-02  -6.0422875073314737e-02  -1.7648542108529730e-01  -3.8237241774764413e-01  -5.3009118278940182e-01  -4.5910430392596641e-01
  -6.8091378418624462e-02  -5.5312433949234220e-02  -3.6604191467850808e-02  -1.4036524173075629e-01  -3.4606590108704549e-01  -4.9087464212213383e-01  -4.1701085121939979e-01
  -5.5021045574035303e-02  -3.5720348999835470e-02  -1.1103329637293409e-02  -1.0298711251502704e-01  -3.0780274682994641e-01  -4.5481461794675027e-01  -3.7572987507889238e-01
  -4.2264969301734637e-02  -1.6538787496846240e-02   1.2099899223252671e-02  -7.2663214325551909e-02  -2.6938306391261818e-01  -4.1389754648414051e-01  -3.3888929576029325e-01
  -3.0176249710211052e-02   4.2507664959407958e-03   3.7441215808250564e-02  -4.3910822221750578e-02  -2.2778005781675673e-01  -3.7161732725984870e-01  -3.0516387604251116e-01
  -1.5905671921835209e-02   2.2834629559742178e-02   5.4744156991454948e-02  -1.2527685579156967e-02  -1.8779064259286249e-01  -3.3068783779096494e-01  -2.7549619585820279e-01
  -2.0697974173494406e-03   4.0912798493415010e-02   7.3063859194214223e-02   1.4491664542837875e-02  -1.5408028742035995e-01  -2.9254727324997298e-01  -2.4429744946004817e-01
   1.0548017198218303e-02   5.8283915869037237e-02   9.1934645488282091e-02   3.9701368411409074e-02  -1.2217540226216195e-01  -2.5523756351097832e-01  -2.1197232876787478e-01
   2.4306866031604323e-02   7.5032841597265643e-02   1.0828883057759393e-01   5.8882358716087990e-02  -8.7436561700486012e-02  -2.2360925357373554e-01  -1.8400741738738849e-01
   3.9131271324764433e-02   9.0013031426882995e-02   1.2569492924017903e-01   7.7109278673029261e-02  -5.6389713098730553e-02  -2.0089661218740784e-01  -1.5686682980973346e-01
   5.1200809986206554e-02   1.0427584947210955e-01   1.4100065276774312e-01   9.1521354864753060e-02  -3.5421782750121221e-02  -1.7619151832758068e-01  -1.2964010892084157e-01
   6.2941973562713666e-02   1.2053326082059078e-01   1.5084694032866927e-01   1.0564275590123176e-01  -1.4516056988856066e-02  -1.5471868588623025e-01  -1.0605214242905585e-01
   7.3381408904966763e-02   1.3698861213286170e-01   1.6337624361579500e-01   1.2353974495502430e-01   1.0175803460587354e-03  -1.3531068700465923e-01  -8.8208801264586509e-02
   8.5992785549927009e-02   1.5117556933210174e-01   1.7212225851168270e-01   1.3720083731004615e-01   1.1662726188350014e-02  -1.1686124880448376e-01  -5.7584252933784767e-02
   9.4026277706392158e-02   1.6309713623281080e-01   1.8216261357232832e-01   1.5071422497981393e-01   3.1637049911903449e-02  -1.0079916391215583e-01  -3.2936461153808876e-02
   1.0296858843367651e-01   1.7271962747132588e-01   1.9074408409461208e-01   1.6456374243789085e-01   4.3448600803382885e-02  -8.8994975429597861e-02  -4.2515195519904425e-03
   1.1186130180343465e-01   1.8323380888345281e-01   2.0204665442957220e-01   1.7345541898965230e-01   5.2907042154134609e-02  -7.9341509245818162e-02   3.6308054363556531e-02
   1.1979348269252445e-01   1.9523787913142943e-01   2.1088938467789070e-01   1.8074531245437161e-01   7.0637281956017858e-02  -6.5424958785574111e-02   6.5591457057975339e-02
   1.3060289195046693e-01   2.0152688420114262e-01   2.1881913696432359e-01   1.9033055150405098e-01   8.2731369637451480e-02  -4.7931864918563459e-02   1.0161792721103938e-01
   1.3990773837896719e-01   2.0963932406127839e-01   2.2657414336478748e-01   1.9976889404248890e-01   9.1987481889189010e-02  -2.5166427517345727e-02   1.3531018612302273e-01
   1.4785582992774024e-01   2.1802972186541225e-01   2.3396056980820798e-01   2.0742731891695942e-01   1.0210435782780984e-01  -1.4256489887116389e-03   1.6833243789946709e-01
   1.5628362959599834e-01   2.2639888628057181e-01   2.3982729186459120e-01   2.1323444035629752e-01   1.1442817449353887e-01   1.8094769925177008e-02   1.9786925779218822e-01
   1.6489809107508793e-01   2.3131171630154632e-01   2.5050468915470797e-01   2.1907062890810139e-01   1.2533620356581748e-01   3.7903787938497288e-02   2.3393142424935606e-01
   1.7419772383122142e-01   2.3632001329266969e-01   2.5817558957732306e-01   2.2175961867636446e-01   1.3767087494496491e-01   6.1488816375837418e-02   2.6913845981818990e-01
   1.8117552420989094e-01   2.4210295231665396e-01   2.6456639912532959e-01   2.2694212116288878e-01   1.5006634666179014e-01   9.0356124659182899e-02   3.0026400727592606e-01
   1.9089067413189978e-01   2.4719394670959924e-01   2.7077425916563674e-01   2.3232278062557626e-01   1.5718813847238214e-01   1.1974388863418692e-01   3.3558044887246924e-01
   2.0064633848251620e-01   2.5067461512132572e-01   2.7716175758140238e-01   2.3435278252685482e-01   1.6500166025723106e-01   1.4349058740819223e-01   3.6952623139238994e-01
   2.1011843998295338e-01   2.5461987559895377e-01   2.8072617409892497e-01   2.4077446076411319e-01   1.7983959548201117e-01   1.7216758475339339e-01   4.0249322791478259e-01
   2.1833494573597007e-01   2.5910707269565059e-01   2.8277706399814584e-01   2.4821409715080037e-01   1.8745121055791275e-01   1.9868783877195259e-01   4.3559676523235824e-01
   2.2314325446233596e-01   2.6665101574814692e-01   2.8581674406600061e-01   2.5146400789845486e-01   2.0166516289819414e-01   2.2366071180640865e-01   4.6656349447618350e-01
   2.2744297236606095e-01   2.6909935185523870e-01   2.9047262128352974e-01   2.5776100457102119e-01   2.1575201487856926e-01   2.4761674597197872e-01   4.9852608664800285e-01
   2.3102644605609304e-01   2.7409993384711895e-01   2.9251886583586451e-01   2.6332198667026624e-01   2.2992904020206986e-01   2.7640762994477114e-01   5.3126475040935739e-01
   2.3635303760728760e-01   2.7794951839455345e-01   2.9557306687511326e-01   2.7101431290335382e-01   2.4286712660838175e-01   3.0496578024780913e-01   5.6334960428234615e-01
   2.3903843239069267e-01   2.8298538245510813e-01   2.9814151069930328e-01   2.7756277884007330e-01   2.5769998892548135e-01   3.3275421953743323e-01   5.9443048668652376e-01
   2.4332646914062442e-01   2.8738678350595576e-01   3.0094495753845291e-01   2.8418333287282838e-01   2.7287984214492300e-01   3.5870224310909282e-01   6.2493499211444414e-01
   2.4826161086850373e-01   2.8751018009138868e-01   3.0559918073015457e-01   2.8868608276851693e-01   2.8827795552756474e-01   3.8353756312125464e-01   6.5504821698525895e-01
   2.5190330547929279e-01   2.9207488380608465e-01   3.1089856942649874e-01   2.9587538398688346e-01   3.0736381827396364e-01   4.0886891522270613e-01   6.8476516998279646e-01
   2.5477491545029779e-01   2.9765348211580456e-01   3.1454733889809794e-01   3.0693535652299558e-01   3.2684737806431502e-01   4.3665535058894372e-01   7.1355941398780620e-01
   2.5601767265175951e-01   3.0207829775779660e-01   3.2045275650417071e-01   3.1539906074542295e-01   3.4311299811156742e-01   4.6429536778000813e-01   7.4199509470101754e-01
   2.5982107405167132e-01   3.0610148025529704e-01   3.2627074305111453e-01   3.2395901042689318e-01   3.6289771794535014e-01   4.9116782022225780e-01   7.7032584064242382e-01
   2.6598351560822098e-01   3.0799634231206724e-01   3.3200317214870129e-01   3.3627172937275762e-01   3.8204246362898447e-01   5.1842586114933475e-01   7.9833647539503283e-01
   2.7069982887210314e-01   3.1349954184872431e-01   3.3711387253471048e-01   3.4670796466868653e-01   4.0249863123443552e-01   5.4536137306083965e-01   8.2542779933799748e-01
   2.7791851448077498e-01   3.1749803904847523e-01   3.4291592576612645e-01   3.5798679626822261e-01   4.2047505693015164e-01   5.6983848755747024e-01   8.5224272156207681e-01
   2.8301483960027574e-01   3.2042146842530389e-01   3.5061074900648775e-01   3.6850073948031214e-01   4.4134802723359340e-01   5.9470186186420693e-01   8.7831220140991395e-01
   2.8991830366947241e-01   3.2317239487361127e-01   3.5679727047420084e-01   3.7913269099919272e-01   4.6032837503110613e-01   6.1887007316502929e-01   9.0387950118494764e-01
   2.9568225605742615e-01   3.2469095051968316e-01   3.6309944689219503e-01   3.9278663356398125e-01   4.8072950166343437e-01   6.4391475258684017e-01   9.2894599300848391e-01
   2.9941885929619688e-01   3.2976015353365379e-01   3.6972169849593184e-01   4.0627707765720533e-01   5.0118944021561496e-01   6.6823296722012993e-01   9.5381108159144590e-01
   3.0507908995869759e-01   3.3417123040811098e-01   3.7393129300786199e-01   4.1934193869145819e-01   5.1995547127447284e-01   6.9127398720718569e-01   9.7833259471422107e-01
   3.0935307593492534e-01   3.3505906820568537e-01   3.7984770991023659e-01   4.3002545555680444e-01   5.4002321895027972e-01   7.1493666115156274e-01   1.0020341011407483e+00
   3.1595347522829148e-01   3.3878754025090863e-01   3.8604246171777007e-01   4.4343793837100626e-01   5.5936328135791802e-01   7.3774552417866368e-01   1.0253613453506623e+00
   3.1950588868950736e-01   3.3948270760832366e-01   3.9233333825718952e-01   4.5667383962397384e-01   5.7733658935598431e-01   7.6026167516862897e-01   1.0479074132152688e+00
   3.2174674209121512e-01   3.4379289711136368e-01   4.0054527770904585e-01   4.6862259380055438e-01   5.9573377267033445e-01   7.8169528157118651e-01   1.0705458311613669e+00
   3.2503763208294223e-01   3.4603415127403170e-01   4.0723018154347740e-01   4.8312249960324027e-01   6.1355345683507478e-01   8.0236675296020299e-01   1.0926422159396201e+00
   3.2761599990673756e-01   3.4930593584456099e-01   4.1385528818393580e-01   4.9634064659486832e-01   6.3233982367042119e-01   8.2293821702411962e-01   1.1142875612191447e+00
   3.3061386959846661e-01   3.5251610374142561e-01   4.1934213434065937e-01   5.0983262705087329e-01   6.4962384478143931e-01   8.4300334467040217e-01   1.1357484042695645e+00
   3.3337741192244785e-01   3.5676281428133377e-01   4.2526156884183292e-01   5.2297708166338042e-01   6.6763219412115593e-01   8.6284259134336716e-01   1.1568314207078580e+00
   3.3451914879982880e-01   3.6180587052273461e-01   4.3156121414529636e-01   5.3458822407940454e-01   6.8404631843373709e-01   8.8155643918553628e-01   1.1775106181332424e+00
   3.3747326439355618e-01   3.6543738441378387e-01   4.3772075867953208e-01   5.4610625188537587e-01   7.0021376775450617e-01   8.9952231652252235e-01   1.1976723442940220e+00
   3.3860497930270000e-01   3.6900185022545767e-01   4.4642587238225123e-01   5.5956025563899914e-01   7.1659183467250975e-01   9.1754275269868024e-01   1.2172535299302334e+00
   3.4230931067047599e-01   3.7338382536404136e-01   4.5390603304047417e-01   5.7111345749397924e-01   7.3213977027591726e-01   9.3451642208370156e-01   1.2365545307163393e+00
   3.4496898423624434e-01   3.7828871557100530e-01   4.6144848922744769e-01   5.8228774509692216e-01   7.4680417323377224e-01   9.5047528832647532e-01   1.2550276104031719e+00
   3.4973544864016320e-01   3.8459280606895552e-01   4.6885671952508151e-01   5.9367678305379490e-01   7.6165331393179325e-01   9.6606827224065928e-01   1.2729314367670652e+00
   3.5183546538914401e-01   3.8929419107615604e-01   4.7465843876282132e-01   6.0440206419332754e-01   7.7571328853104093e-01   9.8123648738828151e-01   1.2897829954174325e+00
   3.5601582441740143e-01   3.9326160686388834e-01   4.8160872925298986e-01   6.1437360986067191e-01   7.8878493702276853e-01   9.9592931908236804e-01   1.3057602219680071e+00
   3.5795066645028695e-01   3.9613494534896387e-01   4.8882741515577777e-01   6.2483718684340883e-01   8.0075364703143592e-01   1.0098583522948164e+00   1.3206015658486183e+00
   3.6024882562521288e-01   3.9933546759317040e-01   4.9572225991890850e-01   6.3462056565013747e-01   8.1311137584059678e-01   1.0231850383003114e+00   1.3342303258475752e+00
   3.6250140203053555e-01   4.0276079370991996e-01   5.0269973212056918e-01   6.4519813589182240e-01   8.2399824762455853e-01   1.0358268771147774e+00   1.3465845119181856e+00
   3.6480932238579117e-01   4.0578180888022841e-01   5.0944095681286949e-01   6.5402811853754561e-01   8.3480488328541280e-01   1.0479358254521292e+00   1.3577019817201610e+00
   3.6687214008875429e-01   4.0859354512940349e-01   5.1560519121434856e-01   6.6224028195843476e-01   8.4521433279042046e-01   1.0594543389759288e+00   1.3674694734457313e+00
   3.6869340001885631e-01   4.1107781042596042e-01   5.2147486139840149e-01   6.6916259251159316e-01   8.5477688908554639e-01   1.0700968104243032e+00   1.3759717352921905e+00
   3.6955073490379758e-01   4.1421615500120190e-01   5.2631652545136220e-01   6.7761057331275976e-01   8.6356839892953896e-01   1.0801150148050476e+00   1.3831743500354319e+00
   3.6902856863713906e-01   4.1494137342313359e-01   5.3062125281641737e-01   6.8514647158928665e-01   8.7210231260985194e-01   1.0896542120909105e+00   1.3892274409273953e+00
   3.6851716970427267e-01   4.1650962837569094e-01   5.3460741502093123e-01   6.9254991040219493e-01   8.7985736473569265e-01   1.0981715127734453e+00   1.3940370687347068e+00
   3.7606541688613015e-01   4.1485852992830607e-01   5.4292173810955668e-01   6.9246652809474185e-01   8.9028323311330160e-01   1.1086461199488242e+00   1.4029482640001347e+00
   3.7507960243915678e-01   4.2325401110587935e-01   5.4619209000909108e-01   7.0313026001706747e-01   8.9645523439770292e-01   1.1162339113425239e+00   1.4056423137268381e+00
   3.7328504413443486e-01   4.2541452366196025e-01   5.4711746207471879e-01   7.1095107151845816e-01   9.0205182056263544e-01   1.1221811747932802e+00   1.4066916009980257e+00
   3.7328504413443486e-01   4.2928104823298080e-01   5.4799415089181758e-01   7.1699148139149849e-01   9.0798574070373661e-01   1.1276945477637532e+00   1.4070522849264544e+00
   3.7314824021125498e-01   4.2918073032485055e-01   5.4785383871622007e-01   7.2065829545254523e-01   9.1292255491923069e-01   1.1323041507916283e+00   1.4069587471884737e+00
   3.7301131966885825e-01   4.3185991971509252e-01   5.5098441329786807e-01   7.2354741927141020e-01   9.1798323236467927e-01   1.1361599176870461e+00   1.4066595434146143e+00
   3.7995597694405531e-01   4.3242989752196853e-01   5.5335623233860287e-01   7.2630250174610722e-01   9.2154489988992572e-01   1.1388829834957213e+00   1.4059037055106454e+00
   3.8249193952775351e-01   4.3227096162324963e-01   5.5589256010651622e-01   7.2662384903786748e-01   9.2443694977426261e-01   1.1409553942292709e+00   1.4043199850390560e+00
   3.8452262842719004e-01   4.3189300496951227e-01   5.5769061676183995e-01   7.2846971673449434e-01   9.2608747139496428e-01   1.1418460265254380e+00   1.4015740025969594e+00
   3.8891303879685812e-01   4.3461500259908875e-01   5.6041801643020572e-01   7.3102307717502957e-01   9.2704140342612207e-01   1.1419260927385557e+00   1.3973826333856461e+00
   3.8867848623876333e-01   4.3350761287470480e-01   5.6026174142188023e-01   7.3144524712438475e-01   9.2746086205527012e-01   1.1421550330929169e+00   1.3916752530200585e+00
   3.8692973735484804e-01   4.3495610071882174e-01   5.5989260076618064e-01   7.3121618874336269e-01   9.2741843282292058e-01   1.1425176764654825e+00   1.3844099785755164e+00
   3.8584748255132367e-01   4.3376470273469953e-01   5.5901572667405441e-01   7.3102503726538037e-01   9.2728619751167529e-01   1.1429497849743195e+00   1.3757119609484942e+00
   3.8443876205701211e-01   4.3278238802553320e-01   5.5840147211394442e-01   7.3046964706881701e-01   9.2704438316829396e-01   1.1432588446206655e+00   1.3657125741058846e+00
   3.8033551496683887e-01   4.2981234729185991e-01   5.5658951561222314e-01   7.2916994413563241e-01   9.2662643980801807e-01   1.1432200504669949e+00   1.3546376103918731e+00
   3.7880342301891629e-01   4.2726824409880437e-01   5.5478486926072101e-01   7.2806830132778488e-01   9.2597043586360428e-01   1.1426595436680833e+00   1.3418557445235333e+00
   3.7176456117122136e-01   4.2326018436926177e-01   5.5168026005784954e-01   7.2541461922569694e-01   9.2494477538840048e-01   1.1414516464453777e+00   1.3287104905645903e+00
