   1.3664560e+00
   1.3664560e+00
   1.3461688e+00
   1.3202873e+00
   1.2930619e+00
   1.2618649e+00
   1.2270607e+00
   1.1890929e+00
   1.1484622e+00
   1.1057151e+00
   1.0614270e+00
   1.0161907e+00
   9.7057190e-01
   9.2514526e-01
   8.8046342e-01
   8.3704525e-01
   7.9543649e-01
   7.5616972e-01
   7.1969316e-01
   6.8640868e-01
   6.5665877e-01
   6.3066134e-01
   6.0858881e-01
   5.9058187e-01
   5.7668581e-01
   5.6685402e-01
   5.6097958e-01
   5.5887540e-01
   5.6028899e-01
   5.6491602e-01
   5.7240451e-01
   5.8236010e-01
   5.9435055e-01
   6.0788231e-01
   6.2238589e-01
   6.3733249e-01
   6.5219054e-01
   6.6635063e-01
   6.7923085e-01
   6.9030409e-01
   6.9903496e-01
   7.0492494e-01
   7.0753412e-01
   7.0643709e-01
   7.0129093e-01
   6.9180200e-01
   6.7768579e-01
   6.5876811e-01
   6.3499506e-01
   6.0631807e-01
   5.7277122e-01
   5.3450936e-01
   4.9174421e-01
   4.4473947e-01
   3.9386415e-01
   3.3952174e-01
   2.8213269e-01
   2.2219492e-01
   1.6022168e-01
   9.6762788e-02
   3.2413887e-02
  -3.2210941e-02
  -9.6500433e-02
  -1.5985270e-01
  -2.2170210e-01
  -2.8150874e-01
  -3.3875185e-01
  -3.9299140e-01
  -4.4379810e-01
  -4.9074638e-01
  -5.3350209e-01
  -5.7179293e-01
  -6.0537658e-01
  -6.3410613e-01
  -6.5795810e-01
  -6.7694919e-01
  -6.9117071e-01
  -7.0080892e-01
  -7.0610680e-01
  -7.0735519e-01
  -7.0488457e-01
  -6.9909470e-01
  -6.9045488e-01
  -6.7947989e-01
  -6.6672209e-01
  -6.5274368e-01
  -6.3809368e-01
  -6.2331854e-01
  -6.0896234e-01
  -5.9556689e-01
  -5.8367829e-01
  -5.7381329e-01
  -5.6644995e-01
  -5.6202479e-01
  -5.6087810e-01
  -5.6327300e-01
  -5.6943322e-01
  -5.7951594e-01
  -5.9362494e-01
  -6.1181694e-01
  -6.3408764e-01
  -6.6030494e-01
  -6.9025317e-01
  -7.2368665e-01
  -7.6026944e-01
  -7.9960479e-01
  -8.4130682e-01
  -8.8492791e-01
  -9.2989168e-01
  -9.7564911e-01
  -1.0216345e+00
  -1.0672401e+00
  -1.1118805e+00
  -1.1549719e+00
  -1.1959316e+00
  -1.2342128e+00
  -1.2692859e+00
  -1.3006219e+00
  -1.3277562e+00
  -1.3502404e+00
  -1.3676625e+00
  -1.3797655e+00
  -1.3864945e+00
  -1.3879143e+00
  -1.3841378e+00
  -1.3753381e+00
  -1.3616928e+00
  -1.3433336e+00
  -1.3204068e+00
  -1.2931489e+00
  -1.2618863e+00
  -1.2270192e+00
  -1.1889874e+00
  -1.1482808e+00
  -1.1054780e+00
  -1.0611534e+00
  -1.0158588e+00
  -9.7019474e-01
  -9.2474899e-01
  -8.8004580e-01
  -8.3664363e-01
  -7.9509252e-01
  -7.5584809e-01
  -7.1936808e-01
  -6.8610047e-01
  -6.5633823e-01
  -6.3030178e-01
  -6.0819838e-01
  -5.9012503e-01
  -5.7610455e-01
  -5.6614576e-01
  -5.6015882e-01
  -5.5798007e-01
  -5.5938423e-01
  -5.6405548e-01
  -5.7162377e-01
  -5.8166641e-01
  -5.9372917e-01
  -6.0732299e-01
  -6.2189595e-01
  -6.3686921e-01
  -6.5171377e-01
  -6.6588265e-01
  -6.7877516e-01
  -6.8985259e-01
  -6.9860592e-01
  -7.0451329e-01
  -7.0709651e-01
  -7.0597964e-01
  -7.0081124e-01
  -6.9126077e-01
  -6.7710167e-01
  -6.5817356e-01
  -6.3436050e-01
  -6.0564870e-01
  -5.7214358e-01
  -5.3396774e-01
  -4.9129879e-01
  -4.4442242e-01
  -3.9365678e-01
  -3.3937187e-01
  -2.8201664e-01
  -2.2207355e-01
  -1.6006626e-01
  -9.6579484e-02
  -3.2202533e-02
   3.2470241e-02
   9.6822347e-02
   1.6025510e-01
   2.2217613e-01
   2.8203076e-01
   3.3929074e-01
   3.9349000e-01
   4.4421085e-01
   4.9106509e-01
   5.3371401e-01
   5.7189964e-01
   6.0539792e-01
   6.3404251e-01
   6.5779700e-01
   6.7669182e-01
   6.9082135e-01
   7.0035719e-01
   7.0554450e-01
   7.0669786e-01
   7.0418134e-01
   6.9838389e-01
   6.8975115e-01
   6.7879068e-01
   6.6604139e-01
   6.5204467e-01
   6.3735530e-01
   6.2253093e-01
   6.0813230e-01
   5.9472168e-01
   5.8282215e-01
   5.7293215e-01
   5.6555427e-01
   5.6110630e-01
   5.5989757e-01
   5.6222123e-01
   5.6833985e-01
   5.7842539e-01
   5.9257835e-01
   6.1083736e-01
   6.3317319e-01
   6.5945936e-01
   6.8946681e-01
   7.2294545e-01
   7.5958581e-01
   7.9898146e-01
   8.4070732e-01
   8.8431975e-01
   9.2929211e-01
   9.7507945e-01
   1.0211378e+00
   1.0668621e+00
   1.1116165e+00
   1.1547916e+00
   1.1958302e+00
   1.2341704e+00
   1.2692524e+00
   1.3005885e+00
   1.3277147e+00
   1.3501850e+00
   1.3676357e+00
   1.3798133e+00
   1.3866016e+00
   1.3880477e+00
   1.3842608e+00
   1.3787305e+00
   1.3664560e+00
