   1.3664560e+00
   1.3664560e+00
   1.3476013e+00
   1.3244490e+00
   1.2971879e+00
   1.2657422e+00
   1.2303289e+00
   1.1916166e+00
   1.1504277e+00
   1.1073489e+00
   1.0625887e+00
   1.0165937e+00
   9.7017580e-01
   9.2424616e-01
   8.7925516e-01
   8.3545550e-01
   7.9318449e-01
   7.5308496e-01
   7.1620235e-01
   6.8292129e-01
   6.5307269e-01
   6.2676211e-01
   6.0433543e-01
   5.8621517e-01
   5.7255863e-01
   5.6303800e-01
   5.5728182e-01
   5.5517647e-01
   5.5684299e-01
   5.6203772e-01
   5.7010595e-01
   5.8041698e-01
   5.9261890e-01
   6.0662094e-01
   6.2198996e-01
   6.3776477e-01
   6.5293488e-01
   6.6735191e-01
   6.8091117e-01
   6.9279040e-01
   7.0216589e-01
   7.0830110e-01
   7.1100625e-01
   7.1036106e-01
   7.0583630e-01
   6.9668075e-01
   6.8257030e-01
   6.6356157e-01
   6.3978003e-01
   6.1124789e-01
   5.7781552e-01
   5.3918535e-01
   4.9582732e-01
   4.4847070e-01
   3.9742218e-01
   3.4279182e-01
   2.8480872e-01
   2.2411526e-01
   1.6152549e-01
   9.7733318e-02
   3.2925609e-02
  -3.2485738e-02
  -9.7629245e-02
  -1.6159865e-01
  -2.2371414e-01
  -2.8383573e-01
  -3.4173274e-01
  -3.9666244e-01
  -4.4781422e-01
  -4.9491185e-01
  -5.3786923e-01
  -5.7647418e-01
  -6.1044098e-01
  -6.3926839e-01
  -6.6283014e-01
  -6.8151697e-01
  -6.9573404e-01
  -7.0539643e-01
  -7.1037599e-01
  -7.1102119e-01
  -7.0800634e-01
  -7.0197598e-01
  -6.9304335e-01
  -6.8142666e-01
  -6.6782209e-01
  -6.5313138e-01
  -6.3818699e-01
  -6.2315129e-01
  -6.0817664e-01
  -5.9394640e-01
  -5.8135037e-01
  -5.7120976e-01
  -5.6370827e-01
  -5.5885164e-01
  -5.5712972e-01
  -5.5922454e-01
  -5.6547633e-01
  -5.7568279e-01
  -5.8965274e-01
  -6.0754330e-01
  -6.2976956e-01
  -6.5643629e-01
  -6.8703629e-01
  -7.2073924e-01
  -7.5728446e-01
  -7.9693697e-01
  -8.3935026e-01
  -8.8371303e-01
  -9.2924936e-01
  -9.7538995e-01
  -1.0217558e+00
  -1.0681374e+00
  -1.1136400e+00
  -1.1572776e+00
  -1.1985918e+00
  -1.2372127e+00
  -1.2729357e+00
  -1.3050462e+00
  -1.3326431e+00
  -1.3552716e+00
  -1.3728842e+00
  -1.3853567e+00
  -1.3921571e+00
  -1.3931580e+00
  -1.3889165e+00
  -1.3799833e+00
  -1.3664743e+00
  -1.3481584e+00
  -1.3249317e+00
  -1.2971204e+00
  -1.2653493e+00
  -1.2301848e+00
  -1.1918455e+00
  -1.1505959e+00
  -1.1069615e+00
  -1.0618163e+00
  -1.0161707e+00
  -9.7022255e-01
  -9.2412315e-01
  -8.7864101e-01
  -8.3458754e-01
  -7.9265477e-01
  -7.5321167e-01
  -7.1636762e-01
  -6.8241885e-01
  -6.5218747e-01
  -6.2631675e-01
  -6.0440046e-01
  -5.8618536e-01
  -5.7190186e-01
  -5.6182071e-01
  -5.5621436e-01
  -5.5460649e-01
  -5.5625067e-01
  -5.6100814e-01
  -5.6884148e-01
  -5.7957062e-01
  -5.9244796e-01
  -6.0646383e-01
  -6.2132197e-01
  -6.3681056e-01
  -6.5243541e-01
  -6.6731426e-01
  -6.8068667e-01
  -6.9216633e-01
  -7.0127312e-01
  -7.0782256e-01
  -7.1108094e-01
  -7.1022351e-01
  -7.0508240e-01
  -6.9568878e-01
  -6.8198059e-01
  -6.6332856e-01
  -6.3942802e-01
  -6.1044187e-01
  -5.7662344e-01
  -5.3842160e-01
  -4.9580299e-01
  -4.4854878e-01
  -3.9709714e-01
  -3.4224160e-01
  -2.8459340e-01
  -2.2437844e-01
  -1.6177264e-01
  -9.7381650e-02
  -3.2205186e-02
   3.2840497e-02
   9.7506316e-02
   1.6159123e-01
   2.2437888e-01
   2.8495857e-01
   3.4244564e-01
   3.9677947e-01
   4.4789115e-01
   4.9537516e-01
   5.3856281e-01
   5.7671687e-01
   6.1002404e-01
   6.3881933e-01
   6.6286657e-01
   6.8178574e-01
   6.9548932e-01
   7.0449814e-01
   7.0946696e-01
   7.1054578e-01
   7.0772230e-01
   7.0125612e-01
   6.9191555e-01
   6.8047969e-01
   6.6738211e-01
   6.5291993e-01
   6.3750965e-01
   6.2193197e-01
   6.0703286e-01
   5.9326023e-01
   5.8092679e-01
   5.7045656e-01
   5.6243431e-01
   5.5758287e-01
   5.5637084e-01
   5.5868693e-01
   5.6441291e-01
   5.7405262e-01
   5.8817596e-01
   6.0679853e-01
   6.2945172e-01
   6.5570796e-01
   6.8573176e-01
   7.1960682e-01
   7.5683578e-01
   7.9684491e-01
   8.3890978e-01
   8.8271001e-01
   9.2823612e-01
   9.7489793e-01
   1.0217067e+00
   1.0678465e+00
   1.1130016e+00
   1.1568579e+00
   1.1986699e+00
   1.2375820e+00
   1.2730396e+00
   1.3047026e+00
   1.3322678e+00
   1.3553507e+00
   1.3732130e+00
   1.3853908e+00
   1.3919561e+00
   1.3931561e+00
   1.3892919e+00
   1.3804437e+00
   1.3664560e+00
