   1.3747606e+00
   1.3747606e+00
   1.3541058e+00
   1.3307639e+00
   1.3039601e+00
   1.2737149e+00
   1.2404682e+00
   1.2001378e+00
   1.1573891e+00
   1.1100255e+00
   1.0536769e+00
   9.9727167e-01
   9.3487458e-01
   8.8775641e-01
   8.1383389e-01
   7.7221728e-01
   7.5817066e-01
   7.4777748e-01
   7.4749972e-01
   7.4067481e-01
   7.1732415e-01
   7.6149682e-01
   7.5644588e-01
   7.5551604e-01
   7.5286147e-01
   7.5207519e-01
   7.4676437e-01
   7.4229013e-01
   7.2234119e-01
   7.0211376e-01
   6.7194228e-01
   6.4314995e-01
   6.2125349e-01
   5.9801367e-01
   5.8575502e-01
   5.7607783e-01
   5.7221766e-01
   5.7198128e-01
   5.7423931e-01
   5.7686825e-01
   5.7842555e-01
   5.8117292e-01
   5.8118123e-01
   5.8124328e-01
   5.7910116e-01
   5.6632940e-01
   5.3713721e-01
   4.6063736e-01
   3.1440355e-01
  -5.5564586e-02
  -3.4293093e-01
  -3.7365365e-01
  -3.9134567e-01
  -3.9141792e-01
  -4.1900118e-01
  -4.2088475e-01
  -4.2761382e-01
  -4.3854744e-01
  -4.5147334e-01
  -4.7914438e-01
  -4.7927696e-01
  -4.8697903e-01
  -4.9669264e-01
  -5.0466850e-01
  -5.1883339e-01
  -5.3896975e-01
  -5.4033994e-01
  -5.5686566e-01
  -5.6864566e-01
  -5.8960486e-01
  -6.1311137e-01
  -6.1862445e-01
  -6.2643985e-01
  -6.3604251e-01
  -6.5701776e-01
  -6.7125638e-01
  -6.7482699e-01
  -6.9211540e-01
  -6.9256084e-01
  -6.9866589e-01
  -7.0653819e-01
  -7.2203710e-01
  -7.3073762e-01
  -7.3870153e-01
  -7.4053933e-01
  -7.3790059e-01
  -7.3006645e-01
  -7.2110885e-01
  -7.0862488e-01
  -6.9558179e-01
  -6.8018062e-01
  -6.6250880e-01
  -6.5504759e-01
  -6.5032769e-01
  -6.4760799e-01
  -6.3719872e-01
  -6.2877192e-01
  -6.2177385e-01
  -6.2455889e-01
  -6.4156743e-01
  -6.7279157e-01
  -7.0720884e-01
  -7.3827406e-01
  -7.7113805e-01
  -8.1882187e-01
  -8.4728209e-01
  -8.7522482e-01
  -9.1748898e-01
  -9.6073959e-01
  -1.0170540e+00
  -1.0678946e+00
  -1.1176646e+00
  -1.1709982e+00
  -1.2186938e+00
  -1.2627626e+00
  -1.3000059e+00
  -1.3300404e+00
  -1.3542471e+00
  -1.3720375e+00
  -1.3857019e+00
  -1.3952369e+00
  -1.4013193e+00
  -1.4037355e+00
  -1.4061893e+00
  -1.4066883e+00
  -1.3923064e+00
  -1.3767368e+00
  -1.3562719e+00
  -1.3322537e+00
  -1.3048808e+00
  -1.2737604e+00
  -1.2391679e+00
  -1.2019185e+00
  -1.1577783e+00
  -1.1077368e+00
  -1.0500774e+00
  -9.8913106e-01
  -9.2149129e-01
  -8.4382649e-01
  -7.9052401e-01
  -7.3654960e-01
  -6.6042231e-01
  -6.6022827e-01
  -6.1431242e-01
  -6.1040639e-01
  -7.3131903e-01
  -7.2964474e-01
  -7.2369225e-01
  -7.2340491e-01
  -7.1800211e-01
  -7.1773052e-01
  -7.1683708e-01
  -7.1094229e-01
  -6.9753732e-01
  -6.6764178e-01
  -6.4118610e-01
  -6.1664505e-01
  -5.8805444e-01
  -5.6570423e-01
  -5.4768898e-01
  -5.3942702e-01
  -5.3613826e-01
  -5.3490877e-01
  -5.3694565e-01
  -5.4149688e-01
  -5.4292856e-01
  -5.4395310e-01
  -5.4395278e-01
  -5.4389816e-01
  -5.4074528e-01
  -5.2730347e-01
  -4.9082452e-01
  -4.0220698e-01
  -2.2597113e-01
   1.7109797e-01
   3.7967380e-01
   4.4258741e-01
   4.4430589e-01
   4.5205219e-01
   4.5213009e-01
   4.6123287e-01
   4.8067359e-01
   4.9187151e-01
   5.1538500e-01
   5.1988973e-01
   5.3274763e-01
   5.5059255e-01
   5.5603930e-01
   5.6002458e-01
   5.6374255e-01
   5.7926789e-01
   6.1319617e-01
   6.1390880e-01
   6.3112370e-01
   6.4033641e-01
   6.5030231e-01
   6.6738582e-01
   6.7743225e-01
   6.9658152e-01
   7.0537216e-01
   7.0557541e-01
   7.0792071e-01
   7.1276624e-01
   7.1398140e-01
   7.2016804e-01
   7.2744325e-01
   7.3929169e-01
   7.4871019e-01
   7.5478240e-01
   7.5683328e-01
   7.5373952e-01
   7.4748709e-01
   7.3602369e-01
   7.2483143e-01
   7.0916580e-01
   6.9712901e-01
   6.8453698e-01
   6.7019525e-01
   6.6796300e-01
   6.6737199e-01
   6.5980813e-01
   6.5042845e-01
   6.4529719e-01
   6.4796088e-01
   6.6246349e-01
   6.8871122e-01
   7.2557739e-01
   7.4930047e-01
   7.9256136e-01
   8.2144752e-01
   8.5506453e-01
   8.9436053e-01
   9.2526182e-01
   9.7690052e-01
   1.0149456e+00
   1.0649239e+00
   1.1168715e+00
   1.1691858e+00
   1.2156460e+00
   1.2583621e+00
   1.2956169e+00
   1.3270206e+00
   1.3500707e+00
   1.3686650e+00
   1.3822239e+00
   1.3920091e+00
   1.3977516e+00
   1.3999478e+00
   1.4019855e+00
   1.4042132e+00
   1.3910588e+00
   1.3747606e+00
