   1.3690423e+00
   1.3690423e+00
   1.3466137e+00
   1.3207447e+00
   1.2912910e+00
   1.2583248e+00
   1.2223757e+00
   1.1791450e+00
   1.1338866e+00
   1.0844295e+00
   1.0265169e+00
   9.6961812e-01
   9.0772653e-01
   8.6180064e-01
   7.9061950e-01
   7.5133763e-01
   7.3822630e-01
   7.2856243e-01
   7.2872804e-01
   7.2240349e-01
   7.0080713e-01
   6.8959472e-01
   6.9185460e-01
   6.9226591e-01
   6.9342589e-01
   6.9376709e-01
   6.9606086e-01
   6.9799600e-01
   7.0666089e-01
   7.1559430e-01
   7.2920565e-01
   7.4270193e-01
   7.5365626e-01
   7.6644295e-01
   7.7462247e-01
   7.8305034e-01
   7.8927485e-01
   7.9519995e-01
   8.0414561e-01
   8.0930693e-01
   8.1183005e-01
   8.1594981e-01
   8.1579767e-01
   8.1344475e-01
   8.0780274e-01
   7.9807476e-01
   7.8681414e-01
   7.5574879e-01
   7.0179950e-01
   5.9109369e-01
   4.1393600e-01
   3.2950149e-01
   2.5589558e-01
   2.5593250e-01
   1.0803883e-01
   1.0885940e-01
   7.0248520e-02
   1.0306276e-02
  -5.2733246e-02
  -1.6790392e-01
  -1.6786486e-01
  -1.9100912e-01
  -2.1855501e-01
  -2.3969445e-01
  -2.7540261e-01
  -3.2214216e-01
  -3.2182996e-01
  -3.5648874e-01
  -3.7956858e-01
  -4.1893279e-01
  -4.6014201e-01
  -4.6919004e-01
  -4.8185035e-01
  -4.9713030e-01
  -5.2981566e-01
  -5.5106682e-01
  -5.5051157e-01
  -5.7595035e-01
  -5.7754217e-01
  -5.7603096e-01
  -5.7385400e-01
  -5.6877192e-01
  -5.6430591e-01
  -5.5759312e-01
  -5.5149726e-01
  -5.4321983e-01
  -5.3514067e-01
  -5.2911890e-01
  -5.2237171e-01
  -5.1669790e-01
  -5.1109689e-01
  -5.0551999e-01
  -5.0342674e-01
  -5.0217091e-01
  -5.0146509e-01
  -5.1302161e-01
  -5.3052375e-01
  -5.6532341e-01
  -6.1894413e-01
  -6.9179534e-01
  -7.7518090e-01
  -8.4221071e-01
  -8.9149691e-01
  -9.0759989e-01
  -9.3211734e-01
  -9.4780357e-01
  -9.6382265e-01
  -9.8898450e-01
  -1.0162351e+00
  -1.0537612e+00
  -1.0901627e+00
  -1.1280765e+00
  -1.1712023e+00
  -1.2123856e+00
  -1.2528335e+00
  -1.2892029e+00
  -1.3202723e+00
  -1.3465291e+00
  -1.3664424e+00
  -1.3818759e+00
  -1.3926674e+00
  -1.3995587e+00
  -1.4022997e+00
  -1.4018117e+00
  -1.4003099e+00
  -1.3915760e+00
  -1.3711393e+00
  -1.3490552e+00
  -1.3223846e+00
  -1.2923048e+00
  -1.2583807e+00
  -1.2209823e+00
  -1.1810781e+00
  -1.1342993e+00
  -1.0820394e+00
  -1.0228436e+00
  -9.6145129e-01
  -8.9454969e-01
  -8.1916992e-01
  -7.6851045e-01
  -7.1793206e-01
  -6.4767570e-01
  -6.4778787e-01
  -6.0644276e-01
  -6.0865817e-01
  -5.5472779e-01
  -5.5549591e-01
  -5.5821393e-01
  -5.5834472e-01
  -5.6077483e-01
  -5.6089708e-01
  -5.6129750e-01
  -5.6393983e-01
  -5.7001530e-01
  -5.8391723e-01
  -5.9690791e-01
  -6.0967258e-01
  -6.2565170e-01
  -6.3973084e-01
  -6.5324925e-01
  -6.6202857e-01
  -6.6869267e-01
  -6.8035050e-01
  -6.8968912e-01
  -7.0212771e-01
  -7.0499834e-01
  -7.0692867e-01
  -7.0689483e-01
  -7.0375655e-01
  -6.9604182e-01
  -6.8596766e-01
  -6.7154238e-01
  -6.3517161e-01
  -5.6719957e-01
  -4.2971143e-01
  -1.3742921e-01
   1.7845206e-01
   1.7795923e-01
   1.9721959e-01
   1.9719771e-01
   2.1894859e-01
   2.6338927e-01
   2.8678127e-01
   3.3376526e-01
   3.3276035e-01
   3.5642276e-01
   3.8804240e-01
   3.9723335e-01
   4.0386942e-01
   4.0311507e-01
   4.2891498e-01
   4.8333638e-01
   4.8320754e-01
   5.0895778e-01
   5.2233472e-01
   5.3659698e-01
   5.6068146e-01
   5.7450171e-01
   6.0049860e-01
   6.1214913e-01
   6.1241582e-01
   6.1549252e-01
   6.2183297e-01
   6.2600843e-01
   6.2450495e-01
   6.2250476e-01
   6.1860810e-01
   6.1402735e-01
   6.0869014e-01
   6.0200582e-01
   5.9559097e-01
   5.8978129e-01
   5.8230541e-01
   5.7677632e-01
   5.7041249e-01
   5.6636992e-01
   5.6261995e-01
   5.5872926e-01
   5.6151609e-01
   5.6233748e-01
   5.7332219e-01
   5.9497993e-01
   6.2679626e-01
   6.8005539e-01
   7.3846743e-01
   8.0694449e-01
   8.7777831e-01
   9.1405690e-01
   9.3392019e-01
   9.4813086e-01
   9.6541990e-01
   9.8668652e-01
   1.0044180e+00
   1.0353908e+00
   1.0599664e+00
   1.0939616e+00
   1.1317737e+00
   1.1726042e+00
   1.2115449e+00
   1.2497645e+00
   1.2853362e+00
   1.3172496e+00
   1.3420105e+00
   1.3626462e+00
   1.3779378e+00
   1.3890034e+00
   1.3955065e+00
   1.3979951e+00
   1.3975982e+00
   1.3961580e+00
   1.3901149e+00
   1.3690423e+00
