   1.5911123e+02
   1.5911123e+02
   1.1598438e+02
   8.3068856e+01
   5.7075312e+01
   3.6895075e+01
   2.1507995e+01
   8.3865110e+00
  -1.0254437e+00
  -8.3327392e+00
  -1.4450911e+01
  -1.8642346e+01
  -2.1960268e+01
  -2.3735011e+01
  -2.5931759e+01
  -2.6775768e+01
  -2.7009123e+01
  -2.7170951e+01
  -2.7133399e+01
  -2.7235324e+01
  -2.7573285e+01
  -2.7731537e+01
  -2.7233536e+01
  -2.7142340e+01
  -2.6884846e+01
  -2.6808849e+01
  -2.6297437e+01
  -2.5862915e+01
  -2.3904886e+01
  -2.1819897e+01
  -1.8511811e+01
  -1.4973947e+01
  -1.1821429e+01
  -7.7900341e+00
  -4.8690829e+00
  -1.5645724e+00
   1.1534233e+00
   3.1606275e+00
   5.7275242e+00
   6.9837032e+00
   7.5594892e+00
   8.4750247e+00
   8.3811466e+00
   6.9336349e+00
   3.6192893e+00
  -1.5180804e+00
  -6.0644646e+00
  -1.2459801e+01
  -1.7733964e+01
  -2.3585700e+01
  -2.7450797e+01
  -2.8065922e+01
  -2.8442329e+01
  -2.8433388e+01
  -2.9042254e+01
  -2.8807112e+01
  -2.8967152e+01
  -2.9230905e+01
  -2.9550090e+01
  -3.0252835e+01
  -3.0235848e+01
  -3.0444168e+01
  -3.0711497e+01
  -3.0935910e+01
  -3.1341821e+01
  -3.1938171e+01
  -3.1757567e+01
  -3.2276132e+01
  -3.2660586e+01
  -3.3364224e+01
  -3.4194822e+01
  -3.4401354e+01
  -3.4698188e+01
  -3.5070124e+01
  -3.5902510e+01
  -3.6498860e+01
  -3.5984765e+01
  -3.6754566e+01
  -3.6806422e+01
  -3.5341924e+01
  -3.3318627e+01
  -2.8864333e+01
  -2.5435546e+01
  -2.0796179e+01
  -1.7154601e+01
  -1.2754846e+01
  -9.0301196e+00
  -6.5687243e+00
  -4.0197093e+00
  -2.0411157e+00
  -2.0289232e-01
   1.5298300e+00
   2.1485317e+00
   2.5133153e+00
   2.7162709e+00
   3.4038232e-02
  -2.9620156e+00
  -7.5888667e+00
  -1.3038269e+01
  -1.9286082e+01
  -2.6137397e+01
  -3.2091058e+01
  -3.7021895e+01
  -3.8821673e+01
  -4.1671097e+01
  -4.3614821e+01
  -4.5687292e+01
  -4.9096409e+01
  -5.3086676e+01
  -5.9102923e+01
  -6.5804032e+01
  -7.3904373e+01
  -8.4875596e+01
  -9.8073967e+01
  -1.1490676e+02
  -1.3562702e+02
  -1.6081498e+02
  -1.9188242e+02
  -2.2692049e+02
  -2.6524076e+02
  -3.0123200e+02
  -3.2969780e+02
  -3.4272549e+02
  -3.2539458e+02
  -2.7625047e+02
  -2.1785363e+02
  -1.6382802e+02
  -1.1983581e+02
  -8.4562669e+01
  -5.7659882e+01
  -3.6770659e+01
  -2.0853400e+01
  -8.9791572e+00
   9.5851442e-01
   8.7003323e+00
   1.4828341e+01
   1.9233461e+01
   2.2637215e+01
   2.5330178e+01
   2.6557747e+01
   2.7516198e+01
   2.8554222e+01
   2.8530082e+01
   2.8955663e+01
   2.8484484e+01
   2.8989638e+01
   2.8826916e+01
   2.8251130e+01
   2.8223414e+01
   2.7708425e+01
   2.7682496e+01
   2.7597559e+01
   2.7036972e+01
   2.5745924e+01
   2.2774009e+01
   1.9925478e+01
   1.7016149e+01
   1.3177873e+01
   9.4906969e+00
   5.5880481e+00
   2.7466695e+00
   5.9730709e-01
  -2.3558310e+00
  -4.2038893e+00
  -6.3925910e+00
  -6.8441001e+00
  -7.1418279e+00
  -7.1248405e+00
  -5.5503700e+00
  -1.8730292e+00
   2.3899326e+00
   7.7177410e+00
   1.3873466e+01
   1.9106502e+01
   2.4352057e+01
   2.8558693e+01
   2.9889975e+01
   2.9674502e+01
   2.9865835e+01
   2.9856000e+01
   3.0084884e+01
   3.0583779e+01
   3.0884189e+01
   3.1531502e+01
   3.0946775e+01
   3.1333910e+01
   3.1887345e+01
   3.2063478e+01
   3.2194013e+01
   3.1696012e+01
   3.2223518e+01
   3.3418900e+01
   3.3319657e+01
   3.3981275e+01
   3.4350529e+01
   3.4759123e+01
   3.5477067e+01
   3.5917848e+01
   3.6779739e+01
   3.7195485e+01
   3.7205320e+01
   3.7318868e+01
   3.7554905e+01
   3.7713156e+01
   3.6117227e+01
   3.4085882e+01
   3.0348637e+01
   2.6404859e+01
   2.2319818e+01
   1.7807407e+01
   1.4051387e+01
   1.1036557e+01
   7.5183617e+00
   5.1964421e+00
   2.7162709e+00
   1.2598186e+00
  -3.1229431e-02
  -1.3187011e+00
  -7.2860992e-01
  -5.6499373e-01
   1.5879450e+00
   5.0971995e+00
   9.1777697e+00
   1.4881091e+01
   2.0383245e+01
   2.6728515e+01
   3.3736298e+01
   3.7821340e+01
   4.0249656e+01
   4.2074469e+01
   4.4378508e+01
   4.7351318e+01
   4.9990636e+01
   5.4863362e+01
   5.9161197e+01
   6.5669193e+01
   7.3985017e+01
   8.4675516e+01
   9.7357131e+01
   1.1325654e+02
   1.3304610e+02
   1.5787293e+02
   1.8602576e+02
   2.1949305e+02
   2.5473425e+02
   2.8854767e+02
   3.1321195e+02
   3.2391150e+02
   3.1102948e+02
   2.6716114e+02
   2.1167608e+02
   1.5911123e+02
