   1.3720992e+00
   1.3720992e+00
   1.3524750e+00
   1.3293415e+00
   1.3028274e+00
   1.2729023e+00
   1.2399951e+00
   1.2000582e+00
   1.1576982e+00
   1.1107240e+00
   1.0547775e+00
   9.9869887e-01
   9.3658259e-01
   8.8961141e-01
   8.1584380e-01
   7.7424345e-01
   7.6018731e-01
   7.4978297e-01
   7.4989883e-01
   7.4306974e-01
   7.1970057e-01
   7.5785293e-01
   7.5939260e-01
   7.5967283e-01
   7.6046314e-01
   7.6069560e-01
   7.6225831e-01
   7.6357657e-01
   7.6947847e-01
   7.7555640e-01
   7.8479712e-01
   7.9391174e-01
   8.0125181e-01
   8.0974621e-01
   8.1511221e-01
   8.2058679e-01
   8.2458381e-01
   8.1657737e-01
   8.0803468e-01
   8.0485046e-01
   8.0363447e-01
   8.0189701e-01
   8.0179604e-01
   8.0023394e-01
   7.9646826e-01
   7.8989525e-01
   7.8289899e-01
   6.6625416e-01
   4.9737569e-01
   8.5968979e-02
  -4.6171957e-01
  -4.8326554e-01
  -4.9591621e-01
  -4.9590836e-01
  -5.1586200e-01
  -5.1566551e-01
  -5.2066425e-01
  -5.2881938e-01
  -5.3852471e-01
  -5.5946536e-01
  -5.5945254e-01
  -5.6538499e-01
  -5.7290083e-01
  -5.7910737e-01
  -5.9018112e-01
  -6.0605293e-01
  -6.0593186e-01
  -6.1918359e-01
  -6.2871393e-01
  -6.4577497e-01
  -6.6511758e-01
  -6.6970752e-01
  -6.7623117e-01
  -6.8427592e-01
  -7.0192597e-01
  -7.1402213e-01
  -7.1376072e-01
  -7.2875197e-01
  -7.2907868e-01
  -7.2835416e-01
  -7.2731070e-01
  -7.2487485e-01
  -7.2273165e-01
  -7.1950303e-01
  -7.1655517e-01
  -7.1252660e-01
  -7.0855128e-01
  -7.0555160e-01
  -7.0215730e-01
  -6.9926888e-01
  -6.9638751e-01
  -6.9348737e-01
  -6.9238655e-01
  -6.9172333e-01
  -6.9134961e-01
  -6.7890245e-01
  -6.6797833e-01
  -6.5674518e-01
  -6.5387722e-01
  -6.6376693e-01
  -6.8713021e-01
  -7.1557089e-01
  -7.4266448e-01
  -7.7489619e-01
  -8.2174214e-01
  -8.4976751e-01
  -8.7731621e-01
  -9.1902982e-01
  -9.6178368e-01
  -1.0175297e+00
  -1.0679393e+00
  -1.1173449e+00
  -1.1703351e+00
  -1.2177558e+00
  -1.2615801e+00
  -1.2986066e+00
  -1.3284401e+00
  -1.3524504e+00
  -1.3700662e+00
  -1.3835795e+00
  -1.3930025e+00
  -1.3990114e+00
  -1.4013979e+00
  -1.4011242e+00
  -1.4002829e+00
  -1.3920678e+00
  -1.3740392e+00
  -1.3546328e+00
  -1.3308119e+00
  -1.3037374e+00
  -1.2729474e+00
  -1.2387081e+00
  -1.2018215e+00
  -1.1580843e+00
  -1.1084546e+00
  -1.0512028e+00
  -9.9060364e-01
  -9.2325480e-01
  -8.4580831e-01
  -7.9256367e-01
  -7.3857846e-01
  -6.6232199e-01
  -6.6239913e-01
  -6.1631697e-01
  -6.1782385e-01
  -7.2652752e-01
  -7.2704195e-01
  -7.2886008e-01
  -7.2894719e-01
  -7.3056541e-01
  -7.3064650e-01
  -7.3091206e-01
  -7.3266330e-01
  -7.3667278e-01
  -7.4575683e-01
  -7.5405289e-01
  -7.6203082e-01
  -7.7181007e-01
  -7.8020838e-01
  -7.8809600e-01
  -7.9311382e-01
  -7.9654372e-01
  -7.8480062e-01
  -7.7922518e-01
  -7.7400541e-01
  -7.7324315e-01
  -7.7279874e-01
  -7.7277875e-01
  -7.7092462e-01
  -7.6634218e-01
  -7.6027790e-01
  -7.5144951e-01
  -6.2790455e-01
  -4.3227093e-01
   4.8057191e-02
   4.0439223e-01
   4.6252309e-01
   4.6233357e-01
   4.6962623e-01
   4.6961766e-01
   4.7819971e-01
   4.9655262e-01
   5.0715412e-01
   5.2945052e-01
   5.2900819e-01
   5.4145129e-01
   5.5873900e-01
   5.6402343e-01
   5.6789159e-01
   5.6754223e-01
   5.8282756e-01
   6.1625108e-01
   6.1618836e-01
   6.3321518e-01
   6.4233156e-01
   6.5219568e-01
   6.6910910e-01
   6.7905993e-01
   6.9803174e-01
   7.0674506e-01
   7.0694656e-01
   7.0927172e-01
   7.1407590e-01
   7.1520668e-01
   7.1442316e-01
   7.1337975e-01
   7.1134394e-01
   7.0894206e-01
   7.0612929e-01
   7.0258247e-01
   6.9914554e-01
   6.9600193e-01
   6.9191928e-01
   6.8886217e-01
   6.8531136e-01
   6.8303166e-01
   6.8090286e-01
   6.7868050e-01
   6.7623224e-01
   6.7558051e-01
   6.6721877e-01
   6.5650058e-01
   6.4975063e-01
   6.5010190e-01
   6.6239161e-01
   6.8625376e-01
   7.2090252e-01
   7.4366954e-01
   7.8769271e-01
   8.1701926e-01
   8.5110205e-01
   8.9088390e-01
   9.2211805e-01
   9.7425475e-01
   1.0125994e+00
   1.0629125e+00
   1.1151312e+00
   1.1676387e+00
   1.2141945e+00
   1.2569265e+00
   1.2941217e+00
   1.3254018e+00
   1.3482987e+00
   1.3667263e+00
   1.3801402e+00
   1.3898125e+00
   1.3954865e+00
   1.3976561e+00
   1.3974338e+00
   1.3966277e+00
   1.3910035e+00
   1.3720992e+00
