   7.1545281e+00   1.1006658e+01   1.4531227e+01   1.1383434e+01   2.0432006e+00   8.9823304e+00   2.2450449e+01
   7.1545281e+00   1.1006658e+01   1.4531227e+01   1.1383434e+01   2.0432006e+00   8.9823304e+00   2.2450449e+01
   6.1423799e+00   8.8621574e+00   1.1119873e+01   6.1953177e+00  -9.7114322e-01   6.2981428e+00   1.6369619e+01
   5.1120531e+00   6.7701075e+00   7.7998942e+00   1.4679927e+00  -3.3714383e+00   3.7019428e+00   1.0981706e+01
   3.9171272e+00   4.6861822e+00   4.4728878e+00  -3.0058891e+00  -5.4152309e+00   1.1531106e+00   6.1256226e+00
   2.6153459e+00   2.5625362e+00   1.1318879e+00  -6.6826654e+00  -7.1696171e+00  -1.2800891e+00   1.7445171e+00
   1.3750337e+00   3.7112698e-01  -2.1525045e+00  -8.6486438e+00  -8.7542627e+00  -3.5457531e+00  -2.1727486e+00
   2.5137276e-01  -1.8062396e+00  -5.2720292e+00  -1.0208229e+01  -1.0269609e+01  -5.6663378e+00  -5.6391451e+00
  -9.0431232e-01  -3.9118457e+00  -7.6546203e+00  -1.1525150e+01  -1.1722543e+01  -7.6954932e+00  -8.7029952e+00
  -2.2243566e+00  -5.8666067e+00  -9.1922058e+00  -1.2704617e+01  -1.3072600e+01  -9.6572694e+00  -1.1452626e+01
  -3.4498253e+00  -7.1492056e+00  -1.0458561e+01  -1.3808160e+01  -1.4306829e+01  -1.1516590e+01  -1.3923845e+01
  -4.3132684e+00  -8.2038309e+00  -1.1542587e+01  -1.4838722e+01  -1.5460241e+01  -1.3238819e+01  -1.6136622e+01
  -4.9868074e+00  -9.1072426e+00  -1.2488673e+01  -1.5783320e+01  -1.6569211e+01  -1.4835554e+01  -1.8106502e+01
  -5.6032361e+00  -9.8948371e+00  -1.3340639e+01  -1.6647058e+01  -1.7637855e+01  -1.6336493e+01  -1.9855006e+01
  -6.2248768e+00  -1.0613934e+01  -1.4132906e+01  -1.7457719e+01  -1.8645395e+01  -1.7767031e+01  -2.1418932e+01
  -6.8182322e+00  -1.1285283e+01  -1.4878356e+01  -1.8234105e+01  -1.9573151e+01  -1.9109240e+01  -2.2820017e+01
  -7.3429961e+00  -1.1916259e+01  -1.5574849e+01  -1.8971851e+01  -2.0441855e+01  -2.0336195e+01  -2.4070074e+01
  -7.7992638e+00  -1.2502040e+01  -1.6219856e+01  -1.9660727e+01  -2.1276136e+01  -2.1461294e+01  -2.5177089e+01
  -8.2305308e+00  -1.3045234e+01  -1.6821699e+01  -2.0300936e+01  -2.2073318e+01  -2.2512491e+01  -2.6156615e+01
  -8.6737899e+00  -1.3562019e+01  -1.7398102e+01  -2.0906825e+01  -2.2822567e+01  -2.3502777e+01  -2.7029795e+01
  -9.1133516e+00  -1.4060377e+01  -1.7951606e+01  -2.1485353e+01  -2.3512003e+01  -2.4418710e+01  -2.7806859e+01
  -9.5163376e+00  -1.4537573e+01  -1.8471994e+01  -2.2036713e+01  -2.4151052e+01  -2.5248795e+01  -2.8491501e+01
  -9.8731988e+00  -1.4987086e+01  -1.8957291e+01  -2.2554508e+01  -2.4756993e+01  -2.6003385e+01  -2.9090633e+01
  -1.0217927e+01  -1.5409964e+01  -1.9417788e+01  -2.3035369e+01  -2.5330073e+01  -2.6697256e+01  -2.9614555e+01
  -1.0577689e+01  -1.5815740e+01  -1.9860976e+01  -2.3487945e+01  -2.5862438e+01  -2.7338710e+01  -3.0073133e+01
  -1.0936211e+01  -1.6211629e+01  -2.0284822e+01  -2.3919475e+01  -2.6348638e+01  -2.7924164e+01  -3.0471993e+01
  -1.1264952e+01  -1.6596116e+01  -2.0686314e+01  -2.4330309e+01  -2.6798228e+01  -2.8449655e+01  -3.0816410e+01
  -1.1563892e+01  -1.6960671e+01  -2.1065794e+01  -2.4715074e+01  -2.7221935e+01  -2.8921377e+01  -3.1111211e+01
  -1.1856566e+01  -1.7305561e+01  -2.1428407e+01  -2.5073075e+01  -2.7618025e+01  -2.9347572e+01  -3.1361319e+01
  -1.2159367e+01  -1.7639643e+01  -2.1776521e+01  -2.5409873e+01  -2.7982323e+01  -2.9733706e+01  -3.1573762e+01
  -1.2463241e+01  -1.7966133e+01  -2.2110864e+01  -2.5729199e+01  -2.8313418e+01  -3.0079669e+01  -3.1753266e+01
  -1.2746591e+01  -1.8284904e+01  -2.2429554e+01  -2.6031458e+01  -2.8616241e+01  -3.0384395e+01  -3.1903659e+01
  -1.3003767e+01  -1.8590510e+01  -2.2731559e+01  -2.6314175e+01  -2.8896855e+01  -3.0652463e+01  -3.2028789e+01
  -1.3253191e+01  -1.8882412e+01  -2.3019531e+01  -2.6577356e+01  -2.9156609e+01  -3.0889438e+01  -3.2132414e+01
  -1.3514131e+01  -1.9166282e+01  -2.3298149e+01  -2.6824256e+01  -2.9393280e+01  -3.1099370e+01  -3.2219319e+01
  -1.3777077e+01  -1.9441927e+01  -2.3566659e+01  -2.7058477e+01  -2.9605457e+01  -3.1283948e+01  -3.2293530e+01
  -1.4023918e+01  -1.9710208e+01  -2.3821805e+01  -2.7280446e+01  -2.9797860e+01  -3.1442916e+01  -3.2358271e+01
  -1.4251215e+01  -1.9969849e+01  -2.4064335e+01  -2.7487773e+01  -2.9975436e+01  -3.1579456e+01  -3.2416857e+01
  -1.4473178e+01  -2.0218850e+01  -2.4297269e+01  -2.7681062e+01  -3.0138836e+01  -3.1698426e+01  -3.2472911e+01
  -1.4705651e+01  -2.0461138e+01  -2.4523982e+01  -2.7863498e+01  -3.0287517e+01  -3.1802662e+01  -3.2530220e+01
  -1.4941476e+01  -2.0698213e+01  -2.4743473e+01  -2.8037727e+01  -3.0421607e+01  -3.1893462e+01  -3.2592308e+01
  -1.5162419e+01  -2.0931591e+01  -2.4953706e+01  -2.8204370e+01  -3.0543526e+01  -3.1972346e+01  -3.2662298e+01
  -1.5361255e+01  -2.1158223e+01  -2.5154138e+01  -2.8361826e+01  -3.0656816e+01  -3.2042238e+01  -3.2743201e+01
  -1.5553973e+01  -2.1375750e+01  -2.5347656e+01  -2.8510547e+01  -3.0762894e+01  -3.2106176e+01  -3.2838456e+01
  -1.5757488e+01  -2.1589570e+01  -2.5537648e+01  -2.8653150e+01  -3.0861860e+01  -3.2166565e+01  -3.2951832e+01
  -1.5965385e+01  -2.1799408e+01  -2.5723398e+01  -2.8791318e+01  -3.0953984e+01  -3.2225373e+01  -3.3086897e+01
  -1.6161119e+01  -2.2004628e+01  -2.5903261e+01  -2.8925831e+01  -3.1041322e+01  -3.2284231e+01  -3.3246686e+01
  -1.6338125e+01  -2.2204678e+01  -2.6077602e+01  -2.9056243e+01  -3.1126862e+01  -3.2345229e+01  -3.3433539e+01
  -1.6510574e+01  -2.2398777e+01  -2.6248364e+01  -2.9182696e+01  -3.1212048e+01  -3.2411179e+01  -3.3650870e+01
  -1.6690879e+01  -2.2589515e+01  -2.6417784e+01  -2.9307261e+01  -3.1297111e+01  -3.2484823e+01  -3.3903323e+01
  -1.6873989e+01  -2.2778525e+01  -2.6585578e+01  -2.9432122e+01  -3.1382603e+01  -3.2568072e+01  -3.4194897e+01
  -1.7047725e+01  -2.2965837e+01  -2.6750135e+01  -2.9557570e+01  -3.1470468e+01  -3.2661999e+01  -3.4528936e+01
  -1.7205731e+01  -2.3148633e+01  -2.6911537e+01  -2.9683173e+01  -3.1563311e+01  -3.2768447e+01  -3.4906855e+01
  -1.7359978e+01  -2.3325892e+01  -2.7071067e+01  -2.9809207e+01  -3.1662790e+01  -3.2890222e+01  -3.5331948e+01
  -1.7521969e+01  -2.3500890e+01  -2.7231181e+01  -2.9936945e+01  -3.1768932e+01  -3.3030724e+01  -3.5810987e+01
  -1.7686089e+01  -2.3675509e+01  -2.7392544e+01  -3.0068570e+01  -3.1881576e+01  -3.3191877e+01  -3.6348732e+01
  -1.7839864e+01  -2.3849581e+01  -2.7553003e+01  -3.0205526e+01  -3.2002740e+01  -3.3373383e+01  -3.6948143e+01
  -1.7978563e+01  -2.4020947e+01  -2.7711642e+01  -3.0346857e+01  -3.2135677e+01  -3.3577247e+01  -3.7610424e+01
  -1.8114989e+01  -2.4188564e+01  -2.7871062e+01  -3.0491578e+01  -3.2281729e+01  -3.3807192e+01  -3.8339119e+01
  -1.8259841e+01  -2.4353952e+01  -2.8033705e+01  -3.0641559e+01  -3.2440645e+01  -3.4066689e+01  -3.9141039e+01
  -1.8406472e+01  -2.4518173e+01  -2.8198975e+01  -3.0799511e+01  -3.2611983e+01  -3.4357304e+01  -4.0025225e+01
  -1.8542582e+01  -2.4682460e+01  -2.8364930e+01  -3.0965893e+01  -3.2796841e+01  -3.4677591e+01  -4.0995959e+01
  -1.8666567e+01  -2.4844204e+01  -2.8531014e+01  -3.1139488e+01  -3.2999331e+01  -3.5028723e+01  -4.2050545e+01
  -1.8788877e+01  -2.5002312e+01  -2.8699144e+01  -3.1319671e+01  -3.3222332e+01  -3.5416422e+01  -4.3195670e+01
  -1.8917027e+01  -2.5159353e+01  -2.8871911e+01  -3.1508482e+01  -3.3464129e+01  -3.5844980e+01  -4.4442707e+01
  -1.9047423e+01  -2.5316164e+01  -2.9049263e+01  -3.1708688e+01  -3.3722193e+01  -3.6314593e+01  -4.5800299e+01
  -1.9168361e+01  -2.5473433e+01  -2.9229005e+01  -3.1920078e+01  -3.3998584e+01  -3.6822934e+01  -4.7271946e+01
  -1.9275758e+01  -2.5629148e+01  -2.9409794e+01  -3.2141005e+01  -3.4299457e+01  -3.7370098e+01  -4.8856398e+01
  -1.9382073e+01  -2.5782333e+01  -2.9593185e+01  -3.2370408e+01  -3.4626707e+01  -3.7962331e+01  -5.0563081e+01
  -1.9496868e+01  -2.5934707e+01  -2.9782538e+01  -3.2610106e+01  -3.4976301e+01  -3.8606766e+01  -5.2406773e+01
  -1.9612509e+01  -2.6086232e+01  -2.9977241e+01  -3.2863725e+01  -3.5344704e+01  -3.9304246e+01  -5.4403139e+01
  -1.9719445e+01  -2.6238088e+01  -3.0174745e+01  -3.3130920e+01  -3.5734584e+01  -4.0047818e+01  -5.6558363e+01
  -1.9815436e+01  -2.6388760e+01  -3.0373858e+01  -3.3408388e+01  -3.6152936e+01  -4.0836739e+01  -5.8863442e+01
  -1.9908828e+01  -2.6535344e+01  -3.0575339e+01  -3.3694434e+01  -3.6603024e+01  -4.1681583e+01  -6.1337974e+01
  -2.0008594e+01  -2.6680802e+01  -3.0781930e+01  -3.3991592e+01  -3.7079874e+01  -4.2591532e+01  -6.4009575e+01
  -2.0109518e+01  -2.6826314e+01  -3.0994717e+01  -3.4303643e+01  -3.7577032e+01  -4.3566423e+01  -6.6900260e+01
  -2.0202579e+01  -2.6971913e+01  -3.1210962e+01  -3.4630429e+01  -3.8096752e+01  -4.4593128e+01  -7.0022246e+01
  -2.0283864e+01  -2.7116783e+01  -3.1427651e+01  -3.4968411e+01  -3.8648332e+01  -4.5669766e+01  -7.3358701e+01
  -2.0361223e+01  -2.7258444e+01  -3.1646388e+01  -3.5314401e+01  -3.9236779e+01  -4.6813034e+01  -7.6933005e+01
  -2.0444773e+01  -2.7397358e+01  -3.1870504e+01  -3.5670494e+01  -3.9852672e+01  -4.8030592e+01  -8.0792725e+01
  -2.0531702e+01  -2.7535736e+01  -3.2100017e+01  -3.6041068e+01  -4.0484566e+01  -4.9320451e+01  -8.4972108e+01
  -2.0610718e+01  -2.7674704e+01  -3.2331513e+01  -3.6427769e+01  -4.1139719e+01  -5.0668349e+01  -8.9492770e+01
  -2.0677828e+01  -2.7810133e+01  -3.2562401e+01  -3.6825287e+01  -4.1830216e+01  -5.2069603e+01  -9.4336390e+01
  -2.0743003e+01  -2.7940646e+01  -3.2794310e+01  -3.7226299e+01  -4.2558364e+01  -5.3541510e+01  -9.9532586e+01
  -2.0812849e+01  -2.8069829e+01  -3.3029746e+01  -3.7633560e+01  -4.3312671e+01  -5.5096988e+01  -1.0519996e+02
  -2.0884351e+01  -2.8197951e+01  -3.3268425e+01  -3.8054884e+01  -4.4078525e+01  -5.6735076e+01  -1.1140736e+02
  -2.0947264e+01  -2.8324650e+01  -3.3507669e+01  -3.8490054e+01  -4.4860822e+01  -5.8424792e+01  -1.1818868e+02
  -2.0997656e+01  -2.8447799e+01  -3.3743340e+01  -3.8930758e+01  -4.5677447e+01  -6.0162095e+01  -1.2553779e+02
  -2.1045903e+01  -2.8565517e+01  -3.3976854e+01  -3.9372540e+01  -4.6532322e+01  -6.1980330e+01  -1.3350740e+02
  -2.1100426e+01  -2.8681127e+01  -3.4214044e+01  -3.9817346e+01  -4.7405622e+01  -6.3889777e+01  -1.4229315e+02
  -2.1157254e+01  -2.8794670e+01  -3.4453237e+01  -4.0271374e+01  -4.8280910e+01  -6.5873693e+01  -1.5204786e+02
  -2.1205054e+01  -2.8906603e+01  -3.4689087e+01  -4.0734971e+01  -4.9163120e+01  -6.7900315e+01  -1.6287912e+02
  -2.1239961e+01  -2.9015396e+01  -3.4919028e+01  -4.1197763e+01  -5.0070478e+01  -6.9965762e+01  -1.7469971e+02
  -2.1273805e+01  -2.9117030e+01  -3.5145114e+01  -4.1654599e+01  -5.1013509e+01  -7.2087292e+01  -1.8759882e+02
  -2.1314546e+01  -2.9213446e+01  -3.5370957e+01  -4.2109059e+01  -5.1968557e+01  -7.4288679e+01  -2.0199988e+02
  -2.1355694e+01  -2.9306943e+01  -3.5595503e+01  -4.2568434e+01  -5.2903679e+01  -7.6558641e+01  -2.1812626e+02
  -2.1388087e+01  -2.9398767e+01  -3.5814780e+01  -4.3031506e+01  -5.3827365e+01  -7.8830586e+01  -2.3585200e+02
  -2.1407938e+01  -2.9485670e+01  -3.6024917e+01  -4.3484994e+01  -5.4765478e+01  -8.1090312e+01  -2.5468220e+02
  -2.1425103e+01  -2.9565800e+01  -3.6228613e+01  -4.3922805e+01  -5.5725207e+01  -8.3379545e+01  -2.7433227e+02
  -2.1449443e+01  -2.9642123e+01  -3.6428201e+01  -4.4350837e+01  -5.6677978e+01  -8.5724111e+01  -2.9474022e+02
  -2.1475531e+01  -2.9714148e+01  -3.6623908e+01  -4.4775970e+01  -5.7592352e+01  -8.8075564e+01  -3.1527869e+02
  -2.1491355e+01  -2.9782468e+01  -3.6812287e+01  -4.5196249e+01  -5.8480802e+01  -9.0360879e+01  -3.3473086e+02
  -2.1495639e+01  -2.9845727e+01  -3.6985313e+01  -4.5597998e+01  -5.9364621e+01  -9.2565238e+01  -3.5091395e+02
  -2.1498976e+01  -2.9900006e+01  -3.7147383e+01  -4.5973387e+01  -6.0248717e+01  -9.4709979e+01  -3.6237182e+02
  -2.1505968e+01  -2.9948149e+01  -3.7304058e+01  -4.6328788e+01  -6.1105937e+01  -9.6833527e+01  -3.6899012e+02
  -2.1513896e+01  -2.9992276e+01  -3.7454771e+01  -4.6674448e+01  -6.1894834e+01  -9.8883207e+01  -3.6999782e+02
  -2.1509986e+01  -3.0032813e+01  -3.7596250e+01  -4.7011872e+01  -6.2624950e+01  -1.0073444e+02  -3.1523629e+02
  -2.1240485e+01  -3.0068325e+01  -3.7720668e+01  -4.7325089e+01  -6.3328924e+01  -1.0237131e+02  -2.8462990e+02
  -2.0945615e+01  -3.0095363e+01  -3.7829923e+01  -4.7600178e+01  -6.4009063e+01  -1.0385408e+02  -2.6927421e+02
  -2.0758661e+01  -3.0116339e+01  -3.7930563e+01  -4.7847183e+01  -6.4633781e+01  -1.0521222e+02  -2.5304031e+02
  -2.0608874e+01  -3.0132720e+01  -3.8023226e+01  -4.8077724e+01  -6.5167914e+01  -1.0639464e+02  -2.3635154e+02
  -2.0256901e+01  -3.0145377e+01  -3.8103039e+01  -4.8291771e+01  -6.5625300e+01  -1.0726871e+02  -2.1897160e+02
  -1.9626231e+01  -3.0151910e+01  -3.8164163e+01  -4.8474554e+01  -6.6038673e+01  -1.0780954e+02  -2.0080764e+02
  -1.8934265e+01  -3.0010909e+01  -3.8209965e+01  -4.8615115e+01  -6.6412643e+01  -1.0810831e+02  -1.8238524e+02
  -1.8376343e+01  -2.9564811e+01  -3.8246128e+01  -4.8723452e+01  -6.6710913e+01  -1.0818431e+02  -1.6465774e+02
  -1.7884431e+01  -2.8948138e+01  -3.8273869e+01  -4.8809987e+01  -6.6894768e+01  -1.0210596e+02  -1.4778141e+02
  -1.7211203e+01  -2.8201120e+01  -3.8289496e+01  -4.8874083e+01  -6.6984604e+01  -8.7388670e+01  -1.3174613e+02
  -1.6302066e+01  -2.7180250e+01  -3.8054159e+01  -4.8901966e+01  -6.7022937e+01  -6.8399325e+01  -1.1639705e+02
  -1.5366191e+01  -2.5788070e+01  -3.6966385e+01  -4.8097246e+01  -6.6589674e+01  -5.0265104e+01  -1.0173832e+02
  -1.4542932e+01  -2.4224952e+01  -3.5542821e+01  -4.5619303e+01  -6.2435067e+01  -3.4931510e+01  -8.8272119e+01
  -1.3757274e+01  -2.2625356e+01  -3.3684426e+01  -4.2347649e+01  -5.4169814e+01  -2.9511414e+01  -7.6090530e+01
  -1.2825733e+01  -2.0934319e+01  -3.1221152e+01  -3.8591035e+01  -4.4073715e+01  -2.5193277e+01  -6.4951099e+01
  -1.1704060e+01  -1.9097655e+01  -2.8245418e+01  -3.3786923e+01  -3.4375193e+01  -2.1361215e+01  -5.4640915e+01
  -1.0577820e+01  -1.7095713e+01  -2.4922931e+01  -2.7955834e+01  -2.5594243e+01  -1.7954843e+01  -4.5183189e+01
  -9.5957137e+00  -1.4984296e+01  -2.1563758e+01  -2.1997088e+01  -1.7180024e+01  -1.4869673e+01  -3.6744152e+01
  -8.6585491e+00  -1.2909500e+01  -1.8244198e+01  -1.6447019e+01  -8.8543001e+00  -1.1940016e+01  -2.9244970e+01
  -7.5805823e+00  -1.0895754e+01  -1.4829765e+01  -1.1334559e+01  -1.2153653e+00  -9.0429161e+00  -2.2516058e+01
  -6.3378645e+00  -8.8308554e+00  -1.1333453e+01  -6.3662850e+00   1.5338437e+00  -6.2281578e+00  -1.6411610e+01
  -5.0885429e+00  -6.6515707e+00  -7.8287428e+00  -1.4058152e+00   3.6584932e+00  -3.5763863e+00  -1.0896130e+01
  -3.9482901e+00  -4.4644299e+00  -4.4384149e+00   3.2802816e+00   5.5422352e+00  -1.1253758e+00  -6.0140092e+00
  -2.8637626e+00  -2.3412814e+00  -1.2208570e+00   6.6912690e+00   7.3093648e+00   1.2001776e+00  -1.6972738e+00
  -1.6747723e+00  -2.6364630e-01   1.9474627e+00   8.5647516e+00   8.9673100e+00   3.4778400e+00   2.1572293e+00
  -3.3212100e-01   1.8350189e+00   5.1034554e+00   1.0103086e+01   1.0474690e+01   5.6821417e+00   5.6276819e+00
   1.0094507e+00   4.0113769e+00   7.6850616e+00   1.1472361e+01   1.1840272e+01   7.7543919e+00   8.7400644e+00
   2.2336006e+00   5.9722811e+00   9.2235740e+00   1.2695221e+01   1.3132384e+01   9.6602675e+00   1.1496964e+01
   3.2712080e+00   7.2263393e+00   1.0439871e+01   1.3782067e+01   1.4388660e+01   1.1448145e+01   1.3945360e+01
   4.1645560e+00   8.2225920e+00   1.1499471e+01   1.4774403e+01   1.5589174e+01   1.3171661e+01   1.6131839e+01
   4.9751434e+00   9.0954973e+00   1.2458160e+01   1.5706683e+01   1.6696474e+01   1.4813348e+01   1.8097514e+01
   5.6674857e+00   9.9031384e+00   1.3332103e+01   1.6590324e+01   1.7720225e+01   1.6337446e+01   1.9860245e+01
   6.2467510e+00   1.0635580e+01   1.4121736e+01   1.7424989e+01   1.8692899e+01   1.7735347e+01   2.1424234e+01
   6.7600986e+00   1.1295092e+01   1.4848169e+01   1.8197283e+01   1.9636724e+01   1.9038481e+01   2.2815000e+01
   7.2701860e+00   1.1902299e+01   1.5531651e+01   1.8914233e+01   2.0535575e+01   2.0271699e+01   2.4056868e+01
   7.7926544e+00   1.2479908e+01   1.6181489e+01   1.9597731e+01   2.1365372e+01   2.1430473e+01   2.5168937e+01
   8.2830168e+00   1.3032965e+01   1.6799084e+01   2.0253477e+01   2.2132403e+01   2.2501071e+01   2.6159958e+01
   8.7101466e+00   1.3553189e+01   1.7376163e+01   2.0873866e+01   2.2855148e+01   2.3474820e+01   2.7033599e+01
   9.0975995e+00   1.4044644e+01   1.7916585e+01   2.1453787e+01   2.3548243e+01   2.4368749e+01   2.7804299e+01
   9.4870092e+00   1.4510213e+01   1.8431925e+01   2.1994521e+01   2.4203486e+01   2.5202950e+01   2.8486474e+01
   9.8883332e+00   1.4954734e+01   1.8927400e+01   2.2507623e+01   2.4807630e+01   2.5976402e+01   2.9089200e+01
   1.0273967e+01   1.5388604e+01   1.9398814e+01   2.2999498e+01   2.5364815e+01   2.6681427e+01   2.9617934e+01
   1.0619186e+01   1.5803633e+01   1.9841047e+01   2.3463821e+01   2.5884766e+01   2.7316411e+01   3.0076730e+01
   1.0939204e+01   1.6195100e+01   2.0259071e+01   2.3896612e+01   2.6375738e+01   2.7892506e+01   3.0472715e+01
   1.1263572e+01   1.6569030e+01   2.0661649e+01   2.4301527e+01   2.6835935e+01   2.8421683e+01   3.0814839e+01
   1.1595473e+01   1.6930683e+01   2.1049480e+01   2.4684691e+01   2.7257164e+01   2.8903129e+01   3.1110550e+01
   1.1914974e+01   1.7283996e+01   2.1418000e+01   2.5049245e+01   2.7641925e+01   2.9335121e+01   3.1363253e+01
   1.2205544e+01   1.7624494e+01   2.1765071e+01   2.5392796e+01   2.7997447e+01   2.9718441e+01   3.1576125e+01
   1.2473743e+01   1.7949935e+01   2.2094423e+01   2.5712363e+01   2.8329698e+01   3.0059365e+01   3.1754360e+01
   1.2748399e+01   1.8260758e+01   2.2411106e+01   2.6009874e+01   2.8637917e+01   3.0366752e+01   3.1903785e+01
   1.3035928e+01   1.8562195e+01   2.2717406e+01   2.6291003e+01   2.8917652e+01   3.0641479e+01   3.2029208e+01
   1.3310582e+01   1.8860272e+01   2.3011217e+01   2.6558796e+01   2.9171490e+01   3.0882013e+01   3.2133712e+01
   1.3559557e+01   1.9148081e+01   2.3288962e+01   2.6810532e+01   2.9403532e+01   3.1090684e+01   3.2220704e+01
   1.3793242e+01   1.9421727e+01   2.3551995e+01   2.7044393e+01   2.9617443e+01   3.1273011e+01   3.2294325e+01
   1.4033606e+01   1.9684412e+01   2.3805965e+01   2.7262659e+01   2.9814510e+01   3.1433375e+01   3.2358645e+01
   1.4285598e+01   1.9941494e+01   2.4052638e+01   2.7469308e+01   2.9991928e+01   3.1573334e+01   3.2417414e+01
   1.4528664e+01   2.0194901e+01   2.4289071e+01   2.7666105e+01   3.0151465e+01   3.1694041e+01   3.2473966e+01
   1.4750943e+01   2.0440423e+01   2.4514284e+01   2.7852203e+01   3.0297240e+01   3.1797539e+01   3.2531470e+01
   1.4960849e+01   2.0677217e+01   2.4729961e+01   2.8026453e+01   3.0432230e+01   3.1887453e+01   3.2593338e+01
   1.5172528e+01   2.0906469e+01   2.4939498e+01   2.8190271e+01   3.0556846e+01   3.1967152e+01   3.2663093e+01
   1.5390568e+01   2.1130872e+01   2.5143510e+01   2.8347106e+01   3.0670038e+01   3.2038601e+01   3.2744340e+01
   1.5602579e+01   2.1352766e+01   2.5340624e+01   2.8498242e+01   3.0773469e+01   3.2103420e+01   3.2840441e+01
   1.5797784e+01   2.1569691e+01   2.5530221e+01   2.8642847e+01   3.0870099e+01   3.2163387e+01   3.2954298e+01
   1.5982126e+01   2.1779190e+01   2.5713493e+01   2.8780693e+01   3.0962616e+01   3.2221341e+01   3.3088995e+01
   1.6168737e+01   2.1981496e+01   2.5892792e+01   2.8913615e+01   3.1051913e+01   3.2280315e+01   3.3248037e+01
   1.6363432e+01   2.2181708e+01   2.6069949e+01   2.9043947e+01   3.1137554e+01   3.2342364e+01   3.3435497e+01
   1.6554027e+01   2.2380076e+01   2.6244121e+01   2.9172753e+01   3.1220785e+01   3.2409030e+01   3.3654677e+01
   1.6727897e+01   2.2572806e+01   2.6412670e+01   2.9299650e+01   3.1304273e+01   3.2481969e+01   3.3908012e+01
   1.6891601e+01   2.2760838e+01   2.6576809e+01   2.9424575e+01   3.1390326e+01   3.2563716e+01   3.4198307e+01
   1.7058087e+01   2.2944534e+01   2.6739748e+01   2.9548285e+01   3.1479847e+01   3.2657363e+01   3.4530027e+01
   1.7231852e+01   2.3126598e+01   2.6903676e+01   2.9672996e+01   3.1572706e+01   3.2765114e+01   3.4908764e+01
   1.7401142e+01   2.3308274e+01   2.7066767e+01   2.9800495e+01   3.1670048e+01   3.2888192e+01   3.5338005e+01
   1.7554140e+01   2.3486525e+01   2.7226747e+01   2.9930288e+01   3.1774172e+01   3.3027606e+01   3.5819563e+01
   1.7698541e+01   2.3660771e+01   2.7385342e+01   3.0062456e+01   3.1887618e+01   3.3185872e+01   3.6355468e+01
   1.7846756e+01   2.3830871e+01   2.7544830e+01   3.0197344e+01   3.2011404e+01   3.3366792e+01   3.6951573e+01
   1.8002311e+01   2.3999863e+01   2.7706316e+01   3.0336805e+01   3.2144761e+01   3.3572927e+01   3.7614670e+01
   1.8153452e+01   2.4168857e+01   2.7868811e+01   3.0483286e+01   3.2287973e+01   3.3804725e+01   3.8348009e+01
   1.8290476e+01   2.4334936e+01   2.8031034e+01   3.0636103e+01   3.2443694e+01   3.4061946e+01   3.9153790e+01
   1.8420466e+01   2.4498888e+01   2.8193715e+01   3.0794282e+01   3.2615685e+01   3.4347670e+01   4.0033819e+01
   1.8553582e+01   2.4659703e+01   2.8358660e+01   3.0958368e+01   3.2804633e+01   3.4667087e+01   4.0995702e+01
   1.8692803e+01   2.4819286e+01   2.8527868e+01   3.1130612e+01   3.3008372e+01   3.5022545e+01   4.2053058e+01
   1.8827674e+01   2.4980436e+01   2.8699925e+01   3.1312942e+01   3.3226524e+01   3.5413690e+01   4.3207985e+01
   1.8949593e+01   2.5140730e+01   2.8872776e+01   3.1504970e+01   3.3462780e+01   3.5839164e+01   4.4457307e+01
   1.9064580e+01   2.5298638e+01   2.9047613e+01   3.1705297e+01   3.3722227e+01   3.6301182e+01   4.5806954e+01
   1.9181458e+01   2.5453648e+01   2.9225788e+01   3.1913952e+01   3.4004725e+01   3.6807760e+01   4.7266345e+01
   1.9304818e+01   2.5608270e+01   2.9409624e+01   3.2133686e+01   3.4305486e+01   3.7362873e+01   4.8850252e+01
   1.9425801e+01   2.5764268e+01   2.9598318e+01   3.2366251e+01   3.4624079e+01   3.7963071e+01   5.0568189e+01
   1.9533088e+01   2.5919108e+01   2.9787995e+01   3.2609850e+01   3.4966313e+01   3.8604486e+01   5.2419053e+01
   1.9630985e+01   2.6070838e+01   2.9978608e+01   3.2862333e+01   3.5337959e+01   3.9291254e+01   5.4402650e+01
   1.9731247e+01   2.6219114e+01   3.0173860e+01   3.3124951e+01   3.5736562e+01   4.0035034e+01   5.6533818e+01
   1.9837867e+01   2.6367565e+01   3.0375404e+01   3.3401036e+01   3.6157159e+01   4.0839302e+01   5.8844220e+01
   1.9940753e+01   2.6517871e+01   3.0581866e+01   3.3691936e+01   3.6598597e+01   4.1697744e+01   6.1342803e+01
   2.0033007e+01   2.6666478e+01   3.0790039e+01   3.3994938e+01   3.7065918e+01   4.2604560e+01   6.4019053e+01
   2.0118137e+01   2.6812411e+01   3.0998593e+01   3.4307869e+01   3.7566300e+01   4.3563041e+01   6.6876304e+01
   2.0205373e+01   2.6956193e+01   3.1211231e+01   3.4630442e+01   3.8098644e+01   4.4589141e+01   6.9944754e+01
   2.0299443e+01   2.7098991e+01   3.1430577e+01   3.4965785e+01   3.8654156e+01   4.5688635e+01   7.3271241e+01
   2.0390544e+01   2.7242728e+01   3.1655120e+01   3.5317988e+01   3.9228171e+01   4.6849005e+01   7.6874871e+01
   2.0469484e+01   2.7385340e+01   3.1880168e+01   3.5683000e+01   3.9829775e+01   4.8059657e+01   8.0742497e+01
   2.0539420e+01   2.7523848e+01   3.2105066e+01   3.6054209e+01   4.0469278e+01   4.9328633e+01   8.4876786e+01
   2.0611732e+01   2.7658596e+01   3.2333659e+01   3.6432107e+01   4.1142578e+01   5.0676550e+01   8.9320670e+01
   2.0691127e+01   2.7792739e+01   3.2568155e+01   3.6823106e+01   4.1835133e+01   5.2107627e+01   9.4153312e+01
   2.0765838e+01   2.7927594e+01   3.2805396e+01   3.7230410e+01   4.2543289e+01   5.3602805e+01   9.9417134e+01
   2.0829250e+01   2.8060439e+01   3.3040330e+01   3.7649615e+01   4.3278208e+01   5.5150564e+01   1.0510283e+02
   2.0886421e+01   2.8189080e+01   3.3273986e+01   3.8074155e+01   4.4051634e+01   5.6758648e+01   1.1123592e+02
   2.0944089e+01   2.8312548e+01   3.3509297e+01   3.8501264e+01   4.4858245e+01   5.8452810e+01   1.1789669e+02
   2.1006622e+01   2.8433353e+01   3.3748106e+01   3.8935878e+01   4.5678816e+01   6.0240786e+01   1.2522522e+02
   2.1066539e+01   2.8554847e+01   3.3989695e+01   3.9383615e+01   4.6504064e+01   6.2088021e+01   1.3329215e+02
   2.1115587e+01   2.8674251e+01   3.4227162e+01   3.9839248e+01   4.7349443e+01   6.3980208e+01   1.4209808e+02
   2.1156462e+01   2.8788785e+01   3.4459378e+01   4.0294086e+01   4.8231338e+01   6.5924965e+01   1.5166503e+02
   2.1198052e+01   2.8897898e+01   3.4691272e+01   4.0746060e+01   4.9141637e+01   6.7949674e+01   1.6215631e+02
   2.1244880e+01   2.9004450e+01   3.4925249e+01   4.1203750e+01   5.0057151e+01   7.0063612e+01   1.7391258e+02
   2.1289371e+01   2.9109635e+01   3.5158976e+01   4.1671367e+01   5.0964893e+01   7.2226525e+01   1.8702686e+02
   2.1323244e+01   2.9210823e+01   3.5386710e+01   4.2139378e+01   5.1884888e+01   7.4412273e+01   2.0136018e+02
   2.1349220e+01   2.9306973e+01   3.5606627e+01   4.2597789e+01   5.2832066e+01   7.6626938e+01   2.1692266e+02
   2.1377789e+01   2.9396752e+01   3.5821842e+01   4.3044187e+01   5.3792280e+01   7.8908365e+01   2.3384869e+02
   2.1411437e+01   2.9481413e+01   3.6035615e+01   4.3488777e+01   5.4742849e+01   8.1252904e+01   2.5246938e+02
   2.1440678e+01   2.9564672e+01   3.6245499e+01   4.3935966e+01   5.5668768e+01   8.3601576e+01   2.7262432e+02
   2.1459752e+01   2.9644013e+01   3.6446687e+01   4.4377340e+01   5.6583534e+01   8.5910502e+01   2.9314126e+02
   2.1469903e+01   2.9715865e+01   3.6636022e+01   4.4801452e+01   5.7514793e+01   8.8181985e+01   3.1287408e+02
   2.1481194e+01   2.9780470e+01   3.6816780e+01   4.5204854e+01   5.8449721e+01   9.0469772e+01   3.3107674e+02
   2.1497546e+01   2.9841389e+01   3.6995684e+01   4.5599671e+01   5.9342715e+01   9.2759142e+01   3.4756972e+02
   2.1510128e+01   2.9900842e+01   3.7167481e+01   4.5990111e+01   6.0181349e+01   9.4962742e+01   3.6079383e+02
   2.1513023e+01   2.9954046e+01   3.7326254e+01   4.6365192e+01   6.0988336e+01   9.7030726e+01   3.6806697e+02
   2.1353024e+01   2.9999446e+01   3.7470869e+01   4.6714043e+01   6.1789822e+01   9.8972808e+01   3.6857234e+02
   2.1227263e+01   3.0037650e+01   3.7604672e+01   4.7033089e+01   6.2575474e+01   1.0083117e+02   3.0635146e+02
   2.1228312e+01   3.0070357e+01   3.7732853e+01   4.7331758e+01   6.3297656e+01   1.0259597e+02   2.8857549e+02
   2.1137970e+01   3.0099624e+01   3.7849976e+01   4.7619347e+01   6.3934126e+01   1.0416851e+02   2.7267552e+02
   2.0788446e+01   3.0123959e+01   3.7952098e+01   4.7885679e+01   6.4517669e+01   1.0544752e+02   2.5528973e+02
   2.0257554e+01   3.0141784e+01   3.8038770e+01   4.8116666e+01   6.5078014e+01   1.0648271e+02   2.3704729e+02
   1.9759654e+01   3.0150920e+01   3.8113070e+01   4.8311767e+01   6.5591610e+01   1.0735846e+02   2.1869598e+02
   1.9412359e+01   3.0153577e+01   3.8179662e+01   4.8480848e+01   6.6014932e+01   1.0802911e+02   2.0093942e+02
   1.9001190e+01   3.0151250e+01   3.8234207e+01   4.8634759e+01   6.6330233e+01   1.0839706e+02   1.8345644e+02
   1.8336245e+01   2.9884684e+01   3.8270875e+01   4.8760204e+01   6.6581216e+01   1.0840124e+02   1.6579762e+02
   1.7509894e+01   2.9305600e+01   3.8289625e+01   4.8843409e+01   6.6803387e+01   9.9487883e+01   1.4836096e+02
   1.6755745e+01   2.8355074e+01   3.8296588e+01   4.8887450e+01   6.6960441e+01   8.6643567e+01   1.3167380e+02
   1.6099140e+01   2.7139059e+01   3.8196516e+01   4.8904373e+01   6.7011003e+01   7.1362729e+01   1.1634366e+02
   1.5377969e+01   2.5907325e+01   3.7424996e+01   4.8725461e+01   6.4422685e+01   5.3660441e+01   1.0217899e+02
   1.4457143e+01   2.4533398e+01   3.5874686e+01   4.7059976e+01   5.9040709e+01   3.5912950e+01   8.8811084e+01
   1.3380167e+01   2.2905722e+01   3.3591907e+01   4.3484929e+01   5.2986100e+01   2.9379446e+01   7.6348969e+01
   1.2374465e+01   2.1067141e+01   3.0885564e+01   3.8612788e+01   4.5397158e+01   2.5195303e+01   6.4895233e+01
   1.1505495e+01   1.9137261e+01   2.8021516e+01   3.3377494e+01   3.5867669e+01   2.1608447e+01   5.4628621e+01
   1.0586291e+01   1.7203828e+01   2.4955615e+01   2.8157894e+01   2.5856486e+01   1.8223593e+01   4.5402280e+01
   9.4767399e+00   1.5218841e+01   2.1622405e+01   2.2780614e+01   1.6707473e+01   1.4940482e+01   3.6967078e+01
   8.2812143e+00   1.3147163e+01   1.8088473e+01   1.7046589e+01   8.9383400e+00   1.1848727e+01   2.9314956e+01
   7.1545280e+00   1.1006658e+01   1.4531227e+01   1.1383434e+01   2.0432006e+00   8.9823304e+00   2.2450449e+01
