   6.6356074e+00   1.0208341e+01   1.3477271e+01   1.0557789e+01   1.8950065e+00   8.3308386e+00   2.0822109e+01
   6.6356074e+00   1.0208341e+01   1.3477271e+01   1.0557789e+01   1.8950065e+00   8.3308386e+00   2.0822109e+01
   5.6968707e+00   8.2193817e+00   1.0313344e+01   5.7459690e+00  -9.0070583e-01   5.8413361e+00   1.5182324e+01
   4.7412740e+00   6.2790691e+00   7.2341648e+00   1.3615187e+00  -3.1269066e+00   3.4334395e+00   1.0185199e+01
   3.6330165e+00   4.3462917e+00   4.1484676e+00  -2.7878708e+00  -5.0224621e+00   1.0694750e+00   5.6813288e+00
   2.4256539e+00   2.3766745e+00   1.0497916e+00  -6.1979692e+00  -6.6496020e+00  -1.1872438e+00   1.6179866e+00
   1.2753020e+00   3.4420900e-01  -1.9963826e+00  -8.0213543e+00  -8.1193127e+00  -3.2885783e+00  -2.0151583e+00
   2.3314060e-01  -1.6752323e+00  -4.8896469e+00  -9.4678225e+00  -9.5247502e+00  -5.2553561e+00  -5.2301357e+00
  -8.3872220e-01  -3.6281180e+00  -7.0994277e+00  -1.0689226e+01  -1.0872302e+01  -7.1373362e+00  -8.0717637e+00
  -2.0630232e+00  -5.4410995e+00  -8.5254916e+00  -1.1783147e+01  -1.2124439e+01  -8.9568239e+00  -1.0621963e+01
  -3.1996082e+00  -6.6306710e+00  -9.6999971e+00  -1.2806649e+01  -1.3269150e+01  -1.0681287e+01  -1.2913943e+01
  -4.0004254e+00  -7.6088039e+00  -1.0705399e+01  -1.3762464e+01  -1.4338904e+01  -1.2278602e+01  -1.4966227e+01
  -4.6251123e+00  -8.4466908e+00  -1.1582865e+01  -1.4638550e+01  -1.5367440e+01  -1.3759525e+01  -1.6793230e+01
  -5.1968313e+00  -9.1771608e+00  -1.2373037e+01  -1.5439641e+01  -1.6358575e+01  -1.5151601e+01  -1.8414915e+01
  -5.7733842e+00  -9.8441016e+00  -1.3107841e+01  -1.6191504e+01  -1.7293038e+01  -1.6478381e+01  -1.9865409e+01
  -6.3237033e+00  -1.0466757e+01  -1.3799223e+01  -1.6911578e+01  -1.8153503e+01  -1.7723239e+01  -2.1164873e+01
  -6.8104058e+00  -1.1051968e+01  -1.4445199e+01  -1.7595815e+01  -1.8959200e+01  -1.8861203e+01  -2.2324263e+01
  -7.2335802e+00  -1.1595262e+01  -1.5043423e+01  -1.8234727e+01  -1.9732969e+01  -1.9904698e+01  -2.3350985e+01
  -7.6335672e+00  -1.2099058e+01  -1.5601614e+01  -1.8828501e+01  -2.0472332e+01  -2.0879651e+01  -2.4259466e+01
  -8.0446766e+00  -1.2578361e+01  -1.6136211e+01  -1.9390445e+01  -2.1167237e+01  -2.1798111e+01  -2.5069314e+01
  -8.4523567e+00  -1.3040572e+01  -1.6649569e+01  -1.9927012e+01  -2.1806668e+01  -2.2647611e+01  -2.5790017e+01
  -8.8261140e+00  -1.3483157e+01  -1.7132213e+01  -2.0438382e+01  -2.2399367e+01  -2.3417491e+01  -2.6425001e+01
  -9.1570919e+00  -1.3900067e+01  -1.7582311e+01  -2.0918621e+01  -2.2961359e+01  -2.4117350e+01  -2.6980678e+01
  -9.4768165e+00  -1.4292273e+01  -1.8009409e+01  -2.1364605e+01  -2.3492874e+01  -2.4760894e+01  -2.7466600e+01
  -9.8104852e+00  -1.4668619e+01  -1.8420451e+01  -2.1784355e+01  -2.3986625e+01  -2.5355823e+01  -2.7891918e+01
  -1.0143004e+01  -1.5035793e+01  -1.8813556e+01  -2.2184586e+01  -2.4437561e+01  -2.5898814e+01  -2.8261848e+01
  -1.0447901e+01  -1.5392393e+01  -1.9185928e+01  -2.2565623e+01  -2.4854543e+01  -2.6386191e+01  -2.8581284e+01
  -1.0725158e+01  -1.5730507e+01  -1.9537884e+01  -2.2922480e+01  -2.5247518e+01  -2.6823699e+01  -2.8854703e+01
  -1.0996605e+01  -1.6050382e+01  -1.9874196e+01  -2.3254515e+01  -2.5614879e+01  -2.7218981e+01  -2.9086671e+01
  -1.1277444e+01  -1.6360233e+01  -2.0197062e+01  -2.3566885e+01  -2.5952755e+01  -2.7577109e+01  -2.9283705e+01
  -1.1559278e+01  -1.6663042e+01  -2.0507155e+01  -2.3863050e+01  -2.6259835e+01  -2.7897979e+01  -2.9450190e+01
  -1.1822076e+01  -1.6958693e+01  -2.0802729e+01  -2.4143386e+01  -2.6540694e+01  -2.8180603e+01  -2.9589674e+01
  -1.2060599e+01  -1.7242133e+01  -2.1082830e+01  -2.4405597e+01  -2.6800955e+01  -2.8429229e+01  -2.9705729e+01
  -1.2291932e+01  -1.7512863e+01  -2.1349916e+01  -2.4649690e+01  -2.7041869e+01  -2.8649015e+01  -2.9801838e+01
  -1.2533946e+01  -1.7776144e+01  -2.1608326e+01  -2.4878683e+01  -2.7261374e+01  -2.8843720e+01  -2.9882439e+01
  -1.2777820e+01  -1.8031796e+01  -2.1857360e+01  -2.5095915e+01  -2.7458161e+01  -2.9014912e+01  -2.9951268e+01
  -1.3006758e+01  -1.8280619e+01  -2.2094000e+01  -2.5301785e+01  -2.7636609e+01  -2.9162349e+01  -3.0011313e+01
  -1.3217569e+01  -1.8521428e+01  -2.2318940e+01  -2.5494074e+01  -2.7801306e+01  -2.9288986e+01  -3.0065650e+01
  -1.3423432e+01  -1.8752369e+01  -2.2534978e+01  -2.5673344e+01  -2.7952854e+01  -2.9399327e+01  -3.0117638e+01
  -1.3639045e+01  -1.8977084e+01  -2.2745248e+01  -2.5842548e+01  -2.8090752e+01  -2.9496003e+01  -3.0170791e+01
  -1.3857765e+01  -1.9196964e+01  -2.2948819e+01  -2.6004140e+01  -2.8215116e+01  -2.9580217e+01  -3.0228375e+01
  -1.4062683e+01  -1.9413415e+01  -2.3143804e+01  -2.6158696e+01  -2.8328192e+01  -2.9653380e+01  -3.0293289e+01
  -1.4247097e+01  -1.9623609e+01  -2.3329699e+01  -2.6304731e+01  -2.8433265e+01  -2.9718202e+01  -3.0368324e+01
  -1.4425838e+01  -1.9825359e+01  -2.3509180e+01  -2.6442666e+01  -2.8531649e+01  -2.9777502e+01  -3.0456670e+01
  -1.4614592e+01  -2.0023671e+01  -2.3685393e+01  -2.6574926e+01  -2.8623438e+01  -2.9833512e+01  -3.0561823e+01
  -1.4807410e+01  -2.0218288e+01  -2.3857670e+01  -2.6703073e+01  -2.8708880e+01  -2.9888054e+01  -3.0687091e+01
  -1.4988947e+01  -2.0408624e+01  -2.4024487e+01  -2.6827829e+01  -2.8789883e+01  -2.9942643e+01  -3.0835291e+01
  -1.5153115e+01  -2.0594164e+01  -2.4186184e+01  -2.6948782e+01  -2.8869219e+01  -2.9999217e+01  -3.1008591e+01
  -1.5313056e+01  -2.0774186e+01  -2.4344560e+01  -2.7066064e+01  -2.8948226e+01  -3.0060384e+01  -3.1210160e+01
  -1.5480284e+01  -2.0951088e+01  -2.4501692e+01  -2.7181595e+01  -2.9027120e+01  -3.0128687e+01  -3.1444302e+01
  -1.5650112e+01  -2.1126390e+01  -2.4657316e+01  -2.7297399e+01  -2.9106411e+01  -3.0205897e+01  -3.1714728e+01
  -1.5811247e+01  -2.1300116e+01  -2.4809937e+01  -2.7413748e+01  -2.9187903e+01  -3.0293012e+01  -3.2024539e+01
  -1.5957793e+01  -2.1469654e+01  -2.4959633e+01  -2.7530241e+01  -2.9274012e+01  -3.0391739e+01  -3.2375047e+01
  -1.6100852e+01  -2.1634057e+01  -2.5107592e+01  -2.7647133e+01  -2.9366276e+01  -3.0504682e+01  -3.2769308e+01
  -1.6251094e+01  -2.1796361e+01  -2.5256093e+01  -2.7765607e+01  -2.9464719e+01  -3.0634993e+01  -3.3213603e+01
  -1.6403311e+01  -2.1958315e+01  -2.5405752e+01  -2.7887685e+01  -2.9569193e+01  -3.0784457e+01  -3.3712345e+01
  -1.6545932e+01  -2.2119762e+01  -2.5554573e+01  -2.8014707e+01  -2.9681569e+01  -3.0952799e+01  -3.4268280e+01
  -1.6674571e+01  -2.2278698e+01  -2.5701706e+01  -2.8145788e+01  -2.9804864e+01  -3.1141877e+01  -3.4882526e+01
  -1.6801102e+01  -2.2434158e+01  -2.5849564e+01  -2.8280012e+01  -2.9940323e+01  -3.1355143e+01  -3.5558368e+01
  -1.6935448e+01  -2.2587551e+01  -2.6000410e+01  -2.8419115e+01  -3.0087712e+01  -3.1595819e+01  -3.6302124e+01
  -1.7071444e+01  -2.2739861e+01  -2.6153692e+01  -2.8565611e+01  -3.0246624e+01  -3.1865355e+01  -3.7122180e+01
  -1.7197681e+01  -2.2892231e+01  -2.6307611e+01  -2.8719925e+01  -3.0418073e+01  -3.2162412e+01  -3.8022506e+01
  -1.7312674e+01  -2.3042244e+01  -2.6461648e+01  -2.8880929e+01  -3.0605877e+01  -3.2488076e+01  -3.9000603e+01
  -1.7426113e+01  -2.3188885e+01  -2.6617584e+01  -2.9048044e+01  -3.0812704e+01  -3.2847655e+01  -4.0062671e+01
  -1.7544967e+01  -2.3334535e+01  -2.6777820e+01  -2.9223160e+01  -3.1036963e+01  -3.3245130e+01  -4.1219261e+01
  -1.7665907e+01  -2.3479973e+01  -2.6942309e+01  -2.9408845e+01  -3.1276310e+01  -3.3680682e+01  -4.2478385e+01
  -1.7778072e+01  -2.3625835e+01  -2.7109015e+01  -2.9604903e+01  -3.1532654e+01  -3.4152152e+01  -4.3843293e+01
  -1.7877680e+01  -2.3770256e+01  -2.7276690e+01  -2.9809805e+01  -3.1811705e+01  -3.4659631e+01  -4.5312825e+01
  -1.7976284e+01  -2.3912330e+01  -2.7446780e+01  -3.0022570e+01  -3.2115219e+01  -3.5208909e+01  -4.6895722e+01
  -1.8082753e+01  -2.4053653e+01  -2.7622399e+01  -3.0244882e+01  -3.2439457e+01  -3.5806603e+01  -4.8605689e+01
  -1.8190006e+01  -2.4194188e+01  -2.7802980e+01  -3.0480106e+01  -3.2781139e+01  -3.6453494e+01  -5.0457259e+01
  -1.8289186e+01  -2.4335029e+01  -2.7986159e+01  -3.0727921e+01  -3.3142741e+01  -3.7143134e+01  -5.2456164e+01
  -1.8378215e+01  -2.4474774e+01  -2.8170831e+01  -3.0985265e+01  -3.3530749e+01  -3.7874834e+01  -5.4594054e+01
  -1.8464833e+01  -2.4610725e+01  -2.8357698e+01  -3.1250564e+01  -3.3948193e+01  -3.8658402e+01  -5.6889107e+01
  -1.8557363e+01  -2.4745633e+01  -2.8549305e+01  -3.1526169e+01  -3.4390457e+01  -3.9502352e+01  -5.9366936e+01
  -1.8650967e+01  -2.4880591e+01  -2.8746659e+01  -3.1815587e+01  -3.4851556e+01  -4.0406533e+01  -6.2047958e+01
  -1.8737278e+01  -2.5015630e+01  -2.8947219e+01  -3.2118670e+01  -3.5333580e+01  -4.1358772e+01  -6.4943505e+01
  -1.8812668e+01  -2.5149992e+01  -2.9148192e+01  -3.2432138e+01  -3.5845154e+01  -4.2357321e+01  -6.8037966e+01
  -1.8884415e+01  -2.5281379e+01  -2.9351063e+01  -3.2753034e+01  -3.6390921e+01  -4.3417667e+01  -7.1353025e+01
  -1.8961906e+01  -2.5410217e+01  -2.9558924e+01  -3.3083300e+01  -3.6962143e+01  -4.4546915e+01  -7.4932798e+01
  -1.9042530e+01  -2.5538559e+01  -2.9771791e+01  -3.3426995e+01  -3.7548205e+01  -4.5743220e+01  -7.8809049e+01
  -1.9115815e+01  -2.5667447e+01  -2.9986496e+01  -3.3785649e+01  -3.8155839e+01  -4.6993354e+01  -8.3001825e+01
  -1.9178057e+01  -2.5793053e+01  -3.0200638e+01  -3.4154335e+01  -3.8796254e+01  -4.8292975e+01  -8.7494136e+01
  -1.9238505e+01  -2.5914101e+01  -3.0415726e+01  -3.4526261e+01  -3.9471590e+01  -4.9658123e+01  -9.2313449e+01
  -1.9303285e+01  -2.6033914e+01  -3.0634086e+01  -3.4903984e+01  -4.0171186e+01  -5.1100782e+01  -9.7569762e+01
  -1.9369601e+01  -2.6152743e+01  -3.0855453e+01  -3.5294749e+01  -4.0881492e+01  -5.2620060e+01  -1.0332694e+02
  -1.9427951e+01  -2.6270252e+01  -3.1077345e+01  -3.5698356e+01  -4.1607049e+01  -5.4187219e+01  -1.0961641e+02
  -1.9474688e+01  -2.6384470e+01  -3.1295923e+01  -3.6107095e+01  -4.2364444e+01  -5.5798516e+01  -1.1643248e+02
  -1.9519435e+01  -2.6493650e+01  -3.1512500e+01  -3.6516834e+01  -4.3157315e+01  -5.7484873e+01  -1.2382406e+02
  -1.9570004e+01  -2.6600873e+01  -3.1732486e+01  -3.6929379e+01  -4.3967274e+01  -5.9255827e+01  -1.3197257e+02
  -1.9622710e+01  -2.6706182e+01  -3.1954330e+01  -3.7350476e+01  -4.4779077e+01  -6.1095849e+01  -1.4101977e+02
  -1.9667043e+01  -2.6809996e+01  -3.2173075e+01  -3.7780448e+01  -4.5597300e+01  -6.2975479e+01  -1.5106543e+02
  -1.9699418e+01  -2.6910898e+01  -3.2386338e+01  -3.8209673e+01  -4.6438847e+01  -6.4891119e+01  -1.6202867e+02
  -1.9730807e+01  -2.7005161e+01  -3.2596025e+01  -3.8633375e+01  -4.7313480e+01  -6.6858773e+01  -1.7399221e+02
  -1.9768594e+01  -2.7094583e+01  -3.2805488e+01  -3.9054873e+01  -4.8199257e+01  -6.8900493e+01  -1.8734875e+02
  -1.9806757e+01  -2.7181299e+01  -3.3013748e+01  -3.9480929e+01  -4.9066555e+01  -7.1005814e+01  -2.0230548e+02
  -1.9836801e+01  -2.7266463e+01  -3.3217120e+01  -3.9910415e+01  -4.9923245e+01  -7.3112973e+01  -2.1874556e+02
  -1.9855212e+01  -2.7347063e+01  -3.3412016e+01  -4.0331011e+01  -5.0793317e+01  -7.5208801e+01  -2.3621000e+02
  -1.9871132e+01  -2.7421382e+01  -3.3600938e+01  -4.0737067e+01  -5.1683437e+01  -7.7331994e+01  -2.5443485e+02
  -1.9893707e+01  -2.7492169e+01  -3.3786050e+01  -4.1134053e+01  -5.2567103e+01  -7.9506508e+01  -2.7336260e+02
  -1.9917902e+01  -2.7558969e+01  -3.3967562e+01  -4.1528352e+01  -5.3415157e+01  -8.1687410e+01  -2.9241140e+02
  -1.9932578e+01  -2.7622334e+01  -3.4142277e+01  -4.1918148e+01  -5.4239167e+01  -8.3806969e+01  -3.1045271e+02
  -1.9936552e+01  -2.7681005e+01  -3.4302754e+01  -4.2290758e+01  -5.5058882e+01  -8.5851446e+01  -3.2546203e+02
  -1.9939647e+01  -2.7731347e+01  -3.4453069e+01  -4.2638920e+01  -5.5878854e+01  -8.7840628e+01  -3.3608885e+02
  -1.9946132e+01  -2.7775998e+01  -3.4598380e+01  -4.2968544e+01  -5.6673900e+01  -8.9810155e+01  -3.4222712e+02
  -1.9953485e+01  -2.7816925e+01  -3.4738162e+01  -4.3289133e+01  -5.7405578e+01  -9.1711170e+01  -3.4316173e+02
  -1.9949858e+01  -2.7854521e+01  -3.4869379e+01  -4.3602083e+01  -5.8082739e+01  -9.3428136e+01  -2.9237208e+02
  -1.9699905e+01  -2.7887458e+01  -3.4984773e+01  -4.3892582e+01  -5.8735653e+01  -9.4946280e+01  -2.6398558e+02
  -1.9426421e+01  -2.7912535e+01  -3.5086104e+01  -4.4147719e+01  -5.9366461e+01  -9.6321499e+01  -2.4974365e+02
  -1.9253027e+01  -2.7931989e+01  -3.5179444e+01  -4.4376809e+01  -5.9945868e+01  -9.7581134e+01  -2.3468720e+02
  -1.9114104e+01  -2.7947182e+01  -3.5265387e+01  -4.4590628e+01  -6.0441260e+01  -9.8677794e+01  -2.1920887e+02
  -1.8787660e+01  -2.7958921e+01  -3.5339411e+01  -4.4789150e+01  -6.0865472e+01  -9.9488468e+01  -2.0308950e+02
  -1.8202733e+01  -2.7964980e+01  -3.5396102e+01  -4.4958676e+01  -6.1248863e+01  -9.9990072e+01  -1.8624298e+02
  -1.7560955e+01  -2.7834207e+01  -3.5438581e+01  -4.5089042e+01  -6.1595709e+01  -1.0026717e+02  -1.6915677e+02
  -1.7043500e+01  -2.7420464e+01  -3.5472122e+01  -4.5189522e+01  -6.1872345e+01  -1.0033766e+02  -1.5271505e+02
  -1.6587266e+01  -2.6848518e+01  -3.5497851e+01  -4.5269780e+01  -6.2042865e+01  -9.4700177e+01  -1.3706277e+02
  -1.5962868e+01  -2.6155682e+01  -3.5512345e+01  -4.5329227e+01  -6.2126185e+01  -8.1050336e+01  -1.2219053e+02
  -1.5119671e+01  -2.5208857e+01  -3.5294076e+01  -4.5355087e+01  -6.2161738e+01  -6.3438296e+01  -1.0795473e+02
  -1.4251675e+01  -2.3917651e+01  -3.4285199e+01  -4.4608734e+01  -6.1759900e+01  -4.6619356e+01  -9.4359197e+01
  -1.3488127e+01  -2.2467907e+01  -3.2964887e+01  -4.2310517e+01  -5.7906628e+01  -3.2397914e+01  -8.1869709e+01
  -1.2759454e+01  -2.0984330e+01  -3.1241281e+01  -3.9276157e+01  -5.0240857e+01  -2.7370940e+01  -7.0571655e+01
  -1.1895477e+01  -1.9415945e+01  -2.8956670e+01  -3.5792012e+01  -4.0877032e+01  -2.3365999e+01  -6.0240171e+01
  -1.0855160e+01  -1.7712495e+01  -2.6196767e+01  -3.1336345e+01  -3.1881947e+01  -1.9811878e+01  -5.0677789e+01
  -9.8106066e+00  -1.5855754e+01  -2.3115262e+01  -2.5928187e+01  -2.3737883e+01  -1.6652572e+01  -4.1906035e+01
  -8.8997329e+00  -1.3897479e+01  -1.9999730e+01  -2.0401631e+01  -1.5933950e+01  -1.3791170e+01  -3.4079085e+01
  -8.0305412e+00  -1.1973169e+01  -1.6920940e+01  -1.5254110e+01  -8.2120944e+00  -1.1074002e+01  -2.7123821e+01
  -7.0307598e+00  -1.0105481e+01  -1.3754156e+01  -1.0512459e+01  -1.1272144e+00  -8.3870299e+00  -2.0882960e+01
  -5.8781767e+00  -8.1903501e+00  -1.0511433e+01  -5.9045359e+00   1.4225934e+00  -5.7764272e+00  -1.5221269e+01
  -4.7194689e+00  -6.1691298e+00  -7.2609211e+00  -1.3038509e+00   3.3931413e+00  -3.3169897e+00  -1.0105830e+01
  -3.6619191e+00  -4.1406231e+00  -4.1164949e+00   3.0423616e+00   5.1402548e+00  -1.0437519e+00  -5.5778108e+00
  -2.6560528e+00  -2.1714673e+00  -1.1323078e+00   6.2059487e+00   6.7792138e+00   1.1131283e+00  -1.5741699e+00
  -1.5533004e+00  -2.4452394e-01   1.8062125e+00   7.9435469e+00   8.3169076e+00   3.2255910e+00   2.0007647e+00
  -3.0803214e-01   1.7019242e+00   4.7332999e+00   9.3703055e+00   9.7149567e+00   5.2700138e+00   5.2195039e+00
   9.3623484e-01   3.7204302e+00   7.1276611e+00   1.0640266e+01   1.0981493e+01   7.1919629e+00   8.1061442e+00
   2.0715967e+00   5.5391093e+00   8.5545846e+00   1.1774432e+01   1.2179887e+01   8.9596046e+00   1.0663085e+01
   3.0339460e+00   6.7022102e+00   9.6826632e+00   1.2782448e+01   1.3345045e+01   1.0617806e+01   1.2933898e+01
   3.8624991e+00   7.6262042e+00   1.0665410e+01   1.3702810e+01   1.4458485e+01   1.2216316e+01   1.4961790e+01
   4.6142943e+00   8.4357974e+00   1.1554565e+01   1.4567471e+01   1.5485473e+01   1.3738930e+01   1.6784895e+01
   5.2564208e+00   9.1848600e+00   1.2365121e+01   1.5387022e+01   1.6434970e+01   1.5152485e+01   1.8419774e+01
   5.7936718e+00   9.8641776e+00   1.3097481e+01   1.6161148e+01   1.7337096e+01   1.6448996e+01   1.9870326e+01
   6.2697861e+00   1.0475855e+01   1.3771225e+01   1.6877428e+01   1.8212464e+01   1.7657613e+01   2.1160219e+01
   6.7428766e+00   1.1039021e+01   1.4405134e+01   1.7542376e+01   1.9046122e+01   1.8801385e+01   2.2312015e+01
   7.2274502e+00   1.1574735e+01   1.5007839e+01   1.8176300e+01   1.9815733e+01   1.9876113e+01   2.3343424e+01
   7.6822465e+00   1.2087679e+01   1.5580640e+01   1.8784485e+01   2.0527131e+01   2.0869060e+01   2.4262566e+01
   8.0783963e+00   1.2570171e+01   1.6115863e+01   1.9359876e+01   2.1197455e+01   2.1772183e+01   2.5072842e+01
   8.4377472e+00   1.3025981e+01   1.6617088e+01   1.9897735e+01   2.1840280e+01   2.2601274e+01   2.5787642e+01
   8.7989128e+00   1.3457781e+01   1.7095050e+01   2.0399250e+01   2.2447998e+01   2.3374970e+01   2.6420339e+01
   9.1711286e+00   1.3870061e+01   1.7554589e+01   2.0875136e+01   2.3008323e+01   2.4092324e+01   2.6979349e+01
   9.5287922e+00   1.4272463e+01   1.7991811e+01   2.1331336e+01   2.3525095e+01   2.4746213e+01   2.7469734e+01
   9.8489722e+00   1.4657390e+01   1.8401968e+01   2.1761981e+01   2.4007334e+01   2.5335142e+01   2.7895253e+01
   1.0145779e+01   1.5020463e+01   1.8789673e+01   2.2163382e+01   2.4462696e+01   2.5869452e+01   2.8262517e+01
   1.0446621e+01   1.5367272e+01   1.9163052e+01   2.2538928e+01   2.4889514e+01   2.6360248e+01   2.8579827e+01
   1.0754449e+01   1.5702694e+01   1.9522753e+01   2.2894301e+01   2.5280191e+01   2.6806774e+01   2.8854090e+01
   1.1050776e+01   1.6030381e+01   1.9864544e+01   2.3232414e+01   2.5637046e+01   2.7207434e+01   2.9088465e+01
   1.1320272e+01   1.6346183e+01   2.0186442e+01   2.3551047e+01   2.5966781e+01   2.7562951e+01   2.9285896e+01
   1.1569018e+01   1.6648019e+01   2.0491906e+01   2.3847436e+01   2.6274934e+01   2.7879148e+01   2.9451204e+01
   1.1823752e+01   1.6936299e+01   2.0785620e+01   2.4123368e+01   2.6560798e+01   2.8164240e+01   2.9589791e+01
   1.2090427e+01   1.7215872e+01   2.1069703e+01   2.4384106e+01   2.6820243e+01   2.8419040e+01   2.9706118e+01
   1.2345160e+01   1.7492329e+01   2.1342204e+01   2.4632476e+01   2.7055671e+01   2.8642129e+01   2.9803041e+01
   1.2576077e+01   1.7759263e+01   2.1599805e+01   2.4865954e+01   2.7270883e+01   2.8835665e+01   2.9883724e+01
   1.2792813e+01   1.8013062e+01   2.1843759e+01   2.5082852e+01   2.7469278e+01   2.9004768e+01   2.9952005e+01
   1.3015744e+01   1.8256694e+01   2.2079309e+01   2.5285288e+01   2.7652052e+01   2.9153501e+01   3.0011660e+01
   1.3249458e+01   1.8495130e+01   2.2308091e+01   2.5476949e+01   2.7816602e+01   2.9283308e+01   3.0066166e+01
   1.3474895e+01   1.8730157e+01   2.2527376e+01   2.5659472e+01   2.7964568e+01   2.9395260e+01   3.0118617e+01
   1.3681051e+01   1.8957872e+01   2.2736254e+01   2.5832072e+01   2.8099769e+01   2.9491251e+01   3.0171950e+01
   1.3875732e+01   1.9177490e+01   2.2936287e+01   2.5993683e+01   2.8224968e+01   2.9574644e+01   3.0229331e+01
   1.4072058e+01   1.9390115e+01   2.3130627e+01   2.6145620e+01   2.8340546e+01   2.9648562e+01   3.0294027e+01
   1.4274284e+01   1.9598242e+01   2.3319842e+01   2.6291079e+01   2.8445528e+01   2.9714829e+01   3.0369381e+01
   1.4470918e+01   1.9804042e+01   2.3502659e+01   2.6431253e+01   2.8541458e+01   2.9774946e+01   3.0458511e+01
   1.4651965e+01   2.0005233e+01   2.3678504e+01   2.6565370e+01   2.8631079e+01   2.9830565e+01   3.0564110e+01
   1.4822937e+01   2.0199537e+01   2.3848484e+01   2.6693219e+01   2.8716886e+01   2.9884314e+01   3.0689038e+01
   1.4996012e+01   2.0387170e+01   2.4014778e+01   2.6816500e+01   2.8799706e+01   2.9939011e+01   3.0836544e+01
   1.5176586e+01   2.0572860e+01   2.4179086e+01   2.6937378e+01   2.8879136e+01   2.9996560e+01   3.1010408e+01
   1.5353357e+01   2.0756841e+01   2.4340625e+01   2.7056842e+01   2.8956330e+01   3.0058390e+01   3.1213691e+01
   1.5514616e+01   2.0935592e+01   2.4496949e+01   2.7174536e+01   2.9033762e+01   3.0126039e+01   3.1448651e+01
   1.5666447e+01   2.1109986e+01   2.4649183e+01   2.7290399e+01   2.9113574e+01   3.0201857e+01   3.1717890e+01
   1.5820858e+01   2.1280359e+01   2.4800304e+01   2.7405137e+01   2.9196602e+01   3.0288712e+01   3.2025551e+01
   1.5982020e+01   2.1449217e+01   2.4952342e+01   2.7520802e+01   2.9282725e+01   3.0388648e+01   3.2376818e+01
   1.6139031e+01   2.1617716e+01   2.5103604e+01   2.7639054e+01   2.9373007e+01   3.0502799e+01   3.2774926e+01
   1.6280931e+01   2.1783038e+01   2.5251981e+01   2.7759432e+01   2.9469579e+01   3.0632101e+01   3.3221556e+01
   1.6414859e+01   2.1944647e+01   2.5399073e+01   2.7882015e+01   2.9574797e+01   3.0778888e+01   3.3718592e+01
   1.6552324e+01   2.2102409e+01   2.5546993e+01   2.8007119e+01   2.9689605e+01   3.0946686e+01   3.4271461e+01
   1.6696596e+01   2.2259144e+01   2.5696766e+01   2.8136465e+01   2.9813289e+01   3.1137870e+01   3.4886464e+01
   1.6836775e+01   2.2415880e+01   2.5847475e+01   2.8272322e+01   2.9946114e+01   3.1352855e+01   3.5566614e+01
   1.6963860e+01   2.2569914e+01   2.5997932e+01   2.8414055e+01   3.0090541e+01   3.1591420e+01   3.6313951e+01
   1.7084423e+01   2.2721975e+01   2.6148814e+01   2.8560761e+01   3.0250057e+01   3.1856420e+01   3.7130150e+01
   1.7207884e+01   2.2871126e+01   2.6301796e+01   2.8712945e+01   3.0425300e+01   3.2152670e+01   3.8022268e+01
   1.7337006e+01   2.3019134e+01   2.6458731e+01   2.8872697e+01   3.0614262e+01   3.2482347e+01   3.9002933e+01
   1.7462096e+01   2.3168595e+01   2.6618308e+01   2.9041803e+01   3.0816591e+01   3.2845122e+01   4.0074093e+01
   1.7575171e+01   2.3317263e+01   2.6778623e+01   2.9219902e+01   3.1035712e+01   3.3239735e+01   4.1232802e+01
   1.7681819e+01   2.3463718e+01   2.6940779e+01   2.9405700e+01   3.1276341e+01   3.3668243e+01   4.2484558e+01
   1.7790220e+01   2.3607485e+01   2.7106031e+01   2.9599221e+01   3.1538349e+01   3.4138079e+01   4.3838099e+01
   1.7904632e+01   2.3750892e+01   2.7276533e+01   2.9803017e+01   3.1817296e+01   3.4652930e+01   4.5307125e+01
   1.8016841e+01   2.3895576e+01   2.7451541e+01   3.0018714e+01   3.2112781e+01   3.5209595e+01   4.6900459e+01
   1.8116346e+01   2.4039185e+01   2.7627460e+01   3.0244645e+01   3.2430193e+01   3.5804488e+01   4.8617079e+01
   1.8207142e+01   2.4179910e+01   2.7804248e+01   3.0478815e+01   3.2774883e+01   3.6441444e+01   5.0456805e+01
   1.8300132e+01   2.4317431e+01   2.7985338e+01   3.0722386e+01   3.3144576e+01   3.7131278e+01   5.2433399e+01
   1.8399019e+01   2.4455115e+01   2.8172264e+01   3.0978446e+01   3.3534667e+01   3.7877212e+01   5.4576227e+01
   1.8494442e+01   2.4594520e+01   2.8363752e+01   3.1248247e+01   3.3944086e+01   3.8673390e+01   5.6893586e+01
   1.8580005e+01   2.4732348e+01   2.8556825e+01   3.1529272e+01   3.4377513e+01   3.9514435e+01   5.9375727e+01
   1.8658960e+01   2.4867696e+01   2.8750253e+01   3.1819506e+01   3.4841602e+01   4.0403397e+01   6.2025740e+01
   1.8739870e+01   2.5001050e+01   2.8947468e+01   3.2118683e+01   3.5335335e+01   4.1355074e+01   6.4871634e+01
   1.8827117e+01   2.5133491e+01   2.9150905e+01   3.2429703e+01   3.5850556e+01   4.2374821e+01   6.7956850e+01
   1.8911610e+01   2.5266802e+01   2.9359162e+01   3.2756361e+01   3.6382936e+01   4.3451029e+01   7.1299107e+01
   1.8984824e+01   2.5399071e+01   2.9567887e+01   3.3094899e+01   3.6940906e+01   4.4573872e+01   7.4886212e+01
   1.9049688e+01   2.5527533e+01   2.9776473e+01   3.3439183e+01   3.7534026e+01   4.5750808e+01   7.8720641e+01
   1.9116755e+01   2.5652508e+01   2.9988486e+01   3.3789672e+01   3.8158491e+01   4.7000960e+01   8.2842207e+01
   1.9190392e+01   2.5776921e+01   3.0205975e+01   3.4152312e+01   3.8800815e+01   4.8328241e+01   8.7324336e+01
   1.9259684e+01   2.5901995e+01   3.0426009e+01   3.4530074e+01   3.9457608e+01   4.9714973e+01   9.2206371e+01
   1.9318497e+01   2.6025205e+01   3.0643902e+01   3.4918874e+01   4.0139223e+01   5.1150473e+01   9.7479683e+01
   1.9371521e+01   2.6144515e+01   3.0860611e+01   3.5312622e+01   4.0856552e+01   5.2641921e+01   1.0316794e+02
   1.9425006e+01   2.6259028e+01   3.1078855e+01   3.5708753e+01   4.1604660e+01   5.4213205e+01   1.0934560e+02
   1.9483004e+01   2.6371071e+01   3.1300343e+01   3.6111844e+01   4.2365714e+01   5.5871498e+01   1.1614259e+02
   1.9538575e+01   2.6483753e+01   3.1524410e+01   3.6527106e+01   4.3131107e+01   5.7584753e+01   1.2362442e+02
   1.9584065e+01   2.6594497e+01   3.1744653e+01   3.6949692e+01   4.3915170e+01   5.9339699e+01   1.3179165e+02
   1.9621976e+01   2.6700723e+01   3.1960026e+01   3.7371541e+01   4.4733101e+01   6.1143402e+01   1.4066471e+02
   1.9660549e+01   2.6801923e+01   3.2175101e+01   3.7790732e+01   4.5577375e+01   6.3021258e+01   1.5039505e+02
   1.9703981e+01   2.6900746e+01   3.2392107e+01   3.8215227e+01   4.6426486e+01   6.4981871e+01   1.6129864e+02
   1.9745245e+01   2.6998302e+01   3.2608882e+01   3.8648927e+01   4.7268390e+01   6.6987908e+01   1.7346173e+02
   1.9776661e+01   2.7092150e+01   3.2820098e+01   3.9082993e+01   4.8121657e+01   6.9015122e+01   1.8675545e+02
   1.9800753e+01   2.7181327e+01   3.3024065e+01   3.9508155e+01   4.9000137e+01   7.1069157e+01   2.0118918e+02
   1.9827250e+01   2.7264594e+01   3.3223670e+01   3.9922175e+01   4.9890706e+01   7.3185111e+01   2.1688756e+02
   1.9858457e+01   2.7343115e+01   3.3421938e+01   4.0334519e+01   5.0772329e+01   7.5359600e+01   2.3415768e+02
   1.9885578e+01   2.7420335e+01   3.3616599e+01   4.0749274e+01   5.1631091e+01   7.7537922e+01   2.5285078e+02
   1.9903268e+01   2.7493921e+01   3.3803195e+01   4.1158634e+01   5.2479508e+01   7.9679380e+01   2.7187961e+02
   1.9912683e+01   2.7560562e+01   3.3978797e+01   4.1551986e+01   5.3343223e+01   8.1786112e+01   2.9018121e+02
   1.9923155e+01   2.7620481e+01   3.4146445e+01   4.1926129e+01   5.4210341e+01   8.3907964e+01   3.0706362e+02
   1.9938321e+01   2.7676981e+01   3.4312373e+01   4.2292309e+01   5.5038565e+01   8.6031286e+01   3.2236035e+02
   1.9949990e+01   2.7732122e+01   3.4471709e+01   4.2654431e+01   5.5816373e+01   8.8075058e+01   3.3462531e+02
   1.9952675e+01   2.7781468e+01   3.4618966e+01   4.3002307e+01   5.6564829e+01   8.9993050e+01   3.4137093e+02
   1.9804281e+01   2.7823575e+01   3.4753093e+01   4.3325855e+01   5.7308182e+01   9.1794272e+01   3.4183965e+02
   1.9687641e+01   2.7859008e+01   3.4877191e+01   4.3621761e+01   5.8036851e+01   9.3517848e+01   2.8413167e+02
   1.9688615e+01   2.7889342e+01   3.4996075e+01   4.3898768e+01   5.8706653e+01   9.5154644e+01   2.6764500e+02
   1.9604825e+01   2.7916487e+01   3.5104703e+01   4.4165497e+01   5.9296959e+01   9.6613129e+01   2.5289826e+02
   1.9280652e+01   2.7939056e+01   3.5199418e+01   4.4412513e+01   5.9838178e+01   9.7799372e+01   2.3677347e+02
   1.8788266e+01   2.7955589e+01   3.5279804e+01   4.4626746e+01   6.0357881e+01   9.8759477e+01   2.1985416e+02
   1.8326479e+01   2.7964063e+01   3.5348714e+01   4.4807696e+01   6.0834225e+01   9.9571709e+01   2.0283387e+02
   1.8004374e+01   2.7966527e+01   3.5410477e+01   4.4964514e+01   6.1226844e+01   1.0019371e+02   1.8636520e+02
   1.7623026e+01   2.7964369e+01   3.5461065e+01   4.5107261e+01   6.1519276e+01   1.0053498e+02   1.7015027e+02
   1.7006310e+01   2.7717136e+01   3.5495074e+01   4.5223608e+01   6.1752055e+01   1.0053886e+02   1.5377226e+02
   1.6239895e+01   2.7180054e+01   3.5512464e+01   4.5300778e+01   6.1958112e+01   9.2271989e+01   1.3760028e+02
   1.5540444e+01   2.6298470e+01   3.5518922e+01   4.5341624e+01   6.2103775e+01   8.0359276e+01   1.2212345e+02
   1.4931463e+01   2.5170652e+01   3.5426109e+01   4.5357320e+01   6.2150669e+01   6.6186763e+01   1.0790521e+02
   1.4262599e+01   2.4028257e+01   3.4710546e+01   4.5191385e+01   5.9750083e+01   4.9768429e+01   9.4767910e+01
   1.3408561e+01   2.2753982e+01   3.3272681e+01   4.3646698e+01   5.4758464e+01   3.3308170e+01   8.2369582e+01
   1.2409698e+01   2.1244362e+01   3.1155473e+01   4.0330951e+01   4.9142998e+01   2.7248543e+01   7.0811349e+01
   1.1476940e+01   1.9539133e+01   2.8645422e+01   3.5812188e+01   4.2104484e+01   2.3367878e+01   6.0188357e+01
   1.0670997e+01   1.7749228e+01   2.5989105e+01   3.0956612e+01   3.3266173e+01   2.0041178e+01   5.0666387e+01
   9.8184634e+00   1.5956028e+01   2.3145575e+01   2.6115591e+01   2.3981105e+01   1.6901829e+01   4.2109235e+01
   8.7893883e+00   1.4115013e+01   2.0054124e+01   2.1128327e+01   1.5495674e+01   1.3856843e+01   3.4285842e+01
   7.6805746e+00   1.2193595e+01   1.6776509e+01   1.5810193e+01   8.2900387e+00   1.0989334e+01   2.7188731e+01
   6.6356074e+00   1.0208341e+01   1.3477271e+01   1.0557789e+01   1.8950065e+00   8.3308386e+00   2.0822109e+01
